0.513638
0.573124
0.000000
0.565573
0.470524
0.542186
0.463790
0.365806
0.509659
0.377358
0.242482
0.299056
0.534850
0.423979
0.000000
0.297656
0.000000
0.494243
0.477826
0.511311
0.399147
0.341176
0.498238
0.501991
0.551321
0.534898
0.395990
0.230966
0.436046
0.586675
0.000000
0.000000
0.000000
0.000000
0.000000
0.000000
0.000000
0.401174
0.000000
0.515585
0.063238
0.221353
0.000000
0.053809
0.000000
0.244405
0.081285
0.000000
0.000000
0.000000
0.000000
0.334584
0.198154
0.457460
0.000000
0.000000
0.000000
0.000000
0.314029
0.000000
0.131018
0.286029
0.000000
0.270580
0.000000
0.217502
0.000000
0.000000
0.114428
0.000000
0.000000
0.000000
0.198508
0.000000
0.000000
0.000000
0.000000
0.000000
0.000000
0.121573
0.000000
0.000000
0.039782
0.073049
0.239365
0.198637
0.000000
0.000000
0.000000
0.312296
0.000000
0.000000
0.000000
0.000000
0.000000
0.000000
0.000000
0.000000
0.000000
0.138452
0.000000
0.000000
0.000000
0.000000
0.000000
0.000000
0.000000
0.000000
0.000000
0.000000
0.000000
0.000000
0.000000
0.000000
0.000000
0.000000
0.000000
0.000000
0.000000
0.000000
0.000000
0.206216
0.000000
0.184191
0.000000
0.089554
0.000000
0.000000
0.000000
0.000000
0.000000
0.000000
0.010872
0.000000
0.000000
0.000000
0.000000
0.000000
0.000000
0.000000
0.000000
0.000000
0.000000
0.000000
0.134196
0.013018
0.000000
0.000000
0.000000
0.241333
0.000000
0.000000
0.000000
0.000000
0.000000
0.000000
0.000000
0.000000
0.000000
0.000000
0.000000
0.000000
0.000000
0.000000
0.000000
0.000000
0.000000
0.000000
0.000000
0.000000
0.000000
0.000000
0.000000
0.000000
0.000000
0.000000
0.000000
0.000000
0.000000
0.000000
0.373163
0.451550
0.000000
0.441926
0.311157
0.411573
0.300877
0.096126
0.367667
0.133512
0.000000
0.000000
0.401859
0.234913
0.000000
0.000000
0.000000
0.345980
0.322093
0.369953
0.186398
0.000000
0.351664
0.356961
0.423534
0.401922
0.179538
0.000000
0.256051
0.468630
0.000000
0.000000
0.000000
0.000000
0.000000
0.000000
0.000000
0.190701
0.000000
0.375837
0.000000
0.000000
0.000000
0.000000
0.000000
0.000000
0.000000
0.000000
0.000000
0.000000
0.000000
0.000000
0.000000
0.291025
0.000000
0.000000
0.000000
0.000000
0.000000
0.000000
0.196671
0.321444
0.000000
0.307778
0.000000
0.262338
0.000000
0.000000
0.186032
0.000000
0.000000
0.000000
0.246819
0.000000
0.000000
0.000000
0.000000
0.138316
0.056329
0.190510
0.000000
0.000000
0.151976
0.163860
0.280731
0.246922
0.000000
0.000000
0.000000
0.345026
0.000000
0.000000
0.000000
0.000000
0.000000
0.000000
0.000000
0.000000
0.000000
0.201700
0.000000
0.000000
0.000000
0.000000
0.000000
0.000000
0.000000
0.000000
0.000000
0.000000
0.000000
0.000000
0.000000
0.000000
0.000000
0.000000
0.000000
0.000000
0.000000
0.000000
0.263603
0.366242
0.000000
0.354308
0.164483
0.315639
0.144094
0.000000
0.255763
0.000000
0.000000
0.000000
0.302863
0.000000
0.000000
0.000000
0.000000
0.223469
0.184336
0.259038
0.000000
0.000000
0.232171
0.240119
0.331084
0.302948
0.000000
0.000000
0.000000
0.387104
0.000000
0.000000
0.000000
0.000000
0.000000
0.000000
0.000000
0.000000
0.000000
0.267375
0.000000
0.000000
0.000000
0.000000
0.000000
0.000000
0.000000
0.000000
0.000000
0.000000
0.000000
0.000000
0.000000
0.122193
0.000000
0.000000
0.000000
0.000000
0.000000
0.000000
0.000000
0.061413
0.000000
0.000000
0.000000
0.000000
0.000000
0.000000
0.000000
0.000000
0.000000
0.000000
0.000000
0.000000
0.000000
0.000000
0.000000
0.000000
0.000000
0.000000
0.000000
0.000000
0.000000
0.000000
0.000000
0.000000
0.000000
0.000000
0.000000
0.139600
0.000000
0.000000
0.000000
0.000000
0.000000
0.000000
0.000000
0.000000
0.000000
0.000000
0.000000
0.000000
0.000000
0.000000
0.000000
0.000000
0.000000
0.000000
0.000000
0.000000
0.000000
0.000000
0.000000
0.000000
0.000000
0.000000
0.000000
0.000000
0.000000
0.000000
0.000000
0.161351
0.000000
0.132042
0.000000
0.000000
0.000000
0.000000
0.000000
0.000000
0.000000
0.000000
0.000000
0.000000
0.000000
0.000000
0.000000
0.000000
0.000000
0.000000
0.000000
0.000000
0.000000
0.000000
0.038953
0.000000
0.000000
0.000000
0.000000
0.204330
0.000000
0.000000
0.000000
0.000000
0.000000
0.000000
0.000000
0.000000
0.000000
0.000000
0.000000
0.000000
0.000000
0.000000
0.000000
0.000000
0.000000
0.000000
0.000000
0.000000
0.000000
0.000000
0.000000
0.000000
0.000000
0.000000
0.000000
0.000000
0.000000
0.000000
0.000000
0.000000
0.000000
0.000000
0.000000
0.000000
0.000000
0.000000
0.000000
0.000000
0.000000
0.000000
0.000000
0.000000
0.000000
0.000000
0.000000
0.000000
0.000000
0.000000
0.000000
0.000000
0.000000
0.000000
0.000000
0.000000
0.000000
0.000000
0.000000
0.119076
0.000000
0.000000
0.000000
0.000000
0.000000
0.000000
0.000000
0.000000
0.000000
0.000000
0.000000
0.000000
0.000000
0.000000
0.000000
0.000000
0.000000
0.000000
0.000000
0.000000
0.000000
0.000000
0.000000
0.000000
0.000000
0.000000
0.000000
0.000000
0.000000
0.000000
0.000000
0.138596
0.000000
0.103005
0.000000
0.000000
0.000000
0.000000
0.000000
0.000000
0.000000
0.000000
0.000000
0.000000
0.000000
0.000000
0.000000
0.000000
0.000000
0.000000
0.000000
0.000000
0.000000
0.000000
0.000000
0.000000
0.000000
0.000000
0.000000
0.186883
0.000000
0.000000
0.000000
0.000000
0.000000
0.000000
0.000000
0.000000
0.000000
0.000000
0.000000
0.000000
0.000000
0.000000
0.000000
0.000000
0.000000
0.000000
0.000000
0.000000
0.000000
0.000000
0.000000
0.000000
0.000000
0.000000
0.000000
0.000000
0.000000
0.000000
0.346618
0.429873
0.000000
0.419752
0.278769
0.387667
0.267246
0.000000
0.340693
0.000000
0.000000
0.000000
0.377338
0.189941
0.000000
0.000000
0.000000
0.317168
0.290925
0.343159
0.125050
0.000000
0.323359
0.329112
0.400342
0.377405
0.114574
0.000000
0.215535
0.447780
0.000000
0.000000
0.000000
0.000000
0.000000
0.000000
0.000000
0.131378
0.000000
0.349495
0.000000
0.000000
0.000000
0.000000
0.000000
0.000000
0.000000
0.000000
0.000000
0.000000
0.000000
0.000000
0.000000
0.256103
0.000000
0.000000
0.000000
0.000000
0.000000
0.000000
0.000000
0.187867
0.000000
0.163386
0.000000
0.028083
0.000000
0.000000
0.000000
0.000000
0.000000
0.000000
0.000000
0.000000
0.000000
0.000000
0.000000
0.000000
0.000000
0.000000
0.000000
0.000000
0.000000
0.000000
0.103814
0.000000
0.000000
0.000000
0.000000
0.225855
0.000000
0.000000
0.000000
0.000000
0.000000
0.000000
0.000000
0.000000
0.000000
0.000000
0.000000
0.000000
0.000000
0.000000
0.000000
0.000000
0.000000
0.000000
0.000000
0.000000
0.000000
0.000000
0.000000
0.000000
0.000000
0.000000
0.000000
0.000000
0.000000
0.000000
0.257375
0.361785
0.000000
0.349700
0.154305
0.310457
0.132357
0.000000
0.249339
0.000000
0.000000
0.000000
0.297459
0.000000
0.000000
0.000000
0.000000
0.216087
0.175314
0.252698
0.000000
0.000000
0.225075
0.233265
0.326147
0.297545
0.000000
0.000000
0.000000
0.382891
0.000000
0.000000
0.000000
0.000000
0.000000
0.000000
0.000000
0.000000
0.000000
0.261238
0.000000
0.000000
0.000000
0.000000
0.000000
0.000000
0.000000
0.000000
0.000000
0.000000
0.000000
0.000000
0.000000
0.108105
0.000000
0.000000
0.000000
0.000000
0.000000
0.000000
0.183157
0.313358
0.000000
0.299323
0.000000
0.252364
0.000000
0.000000
0.171681
0.000000
0.000000
0.000000
0.236191
0.000000
0.000000
0.000000
0.000000
0.118313
0.000000
0.176524
0.000000
0.000000
0.134027
0.147367
0.271434
0.236299
0.000000
0.000000
0.000000
0.337505
0.000000
0.000000
0.000000
0.000000
0.000000
0.000000
0.000000
0.000000
0.000000
0.188546
0.000000
0.000000
0.000000
0.000000
0.000000
0.000000
0.000000
0.000000
0.000000
0.000000
0.000000
0.000000
0.000000
0.000000
0.000000
0.000000
0.000000
0.000000
0.000000
0.000000
0.000000
0.000000
0.000000
0.000000
0.000000
0.000000
0.000000
0.000000
0.000000
0.000000
0.000000
0.000000
0.000000
0.000000
0.000000
0.000000
0.000000
0.000000
0.000000
0.000000
0.000000
0.000000
0.000000
0.000000
0.000000
0.000000
0.000000
0.000000
0.000000
0.085796
0.000000
0.000000
0.000000
0.000000
0.000000
0.000000
0.000000
0.000000
0.000000
0.000000
0.000000
0.000000
0.000000
0.000000
0.000000
0.000000
0.000000
0.000000
0.000000
0.000000
0.000000
0.000000
0.000000
0.000000
0.000000
0.000000
0.000000
0.000000
0.000000
0.000000
0.429403
0.499032
0.000000
0.490341
0.376769
0.463172
0.368325
0.233187
0.424635
0.250921
0.000000
0.099984
0.454562
0.316734
0.000000
0.095715
0.000000
0.406003
0.385850
0.426616
0.282631
0.192258
0.410857
0.415400
0.473832
0.454618
0.278155
0.000000
0.332714
0.514539
0.000000
0.000000
0.000000
0.000000
0.000000
0.000000
0.000000
0.285487
0.000000
0.431729
0.000000
0.000000
0.000000
0.000000
0.000000
0.000000
0.000000
0.000000
0.000000
0.000000
0.000000
0.180301
0.000000
0.360321
0.000000
0.000000
0.000000
0.000000
0.138480
0.000000
0.000000
0.242862
0.000000
0.224461
0.000000
0.156450
0.000000
0.000000
0.000000
0.000000
0.000000
0.000000
0.128743
0.000000
0.000000
0.000000
0.000000
0.000000
0.000000
0.000000
0.000000
0.000000
0.000000
0.000000
0.185648
0.128942
0.000000
0.000000
0.000000
0.273310
0.000000
0.000000
0.000000
0.000000
0.000000
0.000000
0.000000
0.000000
0.000000
0.000000
0.000000
0.000000
0.000000
0.000000
0.000000
0.000000
0.000000
0.000000
0.000000
0.000000
0.000000
0.000000
0.000000
0.000000
0.000000
0.000000
0.000000
0.000000
0.000000
0.000000
0.255696
0.360593
0.000000
0.348466
0.151488
0.309066
0.129062
0.000000
0.247606
0.000000
0.000000
0.000000
0.296007
0.000000
0.000000
0.000000
0.000000
0.214085
0.172841
0.250988
0.000000
0.000000
0.223154
0.231411
0.324824
0.296094
0.000000
0.000000
0.000000
0.381764
0.000000
0.000000
0.000000
0.000000
0.000000
0.000000
0.000000
0.000000
0.000000
0.259584
0.000000
0.000000
0.000000
0.000000
0.000000
0.000000
0.000000
0.000000
0.000000
0.000000
0.000000
0.000000
0.000000
0.104045
0.000000
0.000000
0.000000
0.000000
0.000000
0.000000
0.172501
0.307251
0.000000
0.292924
0.000000
0.244741
0.000000
0.000000
0.160264
0.000000
0.000000
0.000000
0.228027
0.000000
0.000000
0.000000
0.000000
0.101036
0.000000
0.165441
0.000000
0.000000
0.119053
0.133892
0.264361
0.228139
0.000000
0.000000
0.000000
0.331843
0.000000
0.000000
0.000000
0.000000
0.000000
0.000000
0.000000
0.000000
0.000000
0.178213
0.000000
0.000000
0.000000
0.000000
0.000000
0.000000
0.000000
0.000000
0.000000
0.000000
0.000000
0.000000
0.000000
0.000000
0.000000
0.000000
0.000000
0.000000
0.000000
0.000000
0.442854
0.510653
0.000000
0.502163
0.392030
0.475669
0.383922
0.257117
0.438232
0.273303
0.000000
0.147409
0.467289
0.334743
0.000000
0.144548
0.000000
0.420204
0.400765
0.440152
0.302677
0.220671
0.424896
0.429290
0.486055
0.467344
0.298501
0.000000
0.349902
0.525816
0.000000
0.000000
0.000000
0.000000
0.000000
0.000000
0.000000
0.305345
0.000000
0.445110
0.000000
0.000000
0.000000
0.000000
0.000000
0.000000
0.000000
0.000000
0.000000
0.000000
0.000000
0.210336
0.000000
0.376250
0.000000
0.000000
0.000000
0.000000
0.175811
0.000000
0.403846
0.477219
0.000000
0.468123
0.347361
0.439582
0.338183
0.181881
0.398772
0.204123
0.000000
0.000000
0.430501
0.281114
0.000000
0.000000
0.000000
0.378871
0.357190
0.400881
0.242043
0.125171
0.384068
0.388924
0.450801
0.430560
0.236801
0.000000
0.299003
0.493411
0.000000
0.000000
0.000000
0.000000
0.000000
0.000000
0.000000
0.245372
0.000000
0.406318
0.000000
0.000000
0.000000
0.000000
0.000000
0.000000
0.000000
0.000000
0.000000
0.000000
0.000000
0.105891
0.000000
0.329448
0.000000
0.000000
0.000000
0.000000
0.000000
0.000000
0.491803
0.553639
0.000000
0.545818
0.446585
0.521547
0.439484
0.334454
0.487645
0.347052
0.191945
0.259769
0.513916
0.397245
0.000000
0.258156
0.000000
0.471510
0.454272
0.489371
0.370626
0.307321
0.475696
0.479625
0.531037
0.513966
0.367224
0.177174
0.410099
0.567656
0.000000
0.000000
0.000000
0.000000
0.000000
0.000000
0.000000
0.372809
0.000000
0.493835
0.000000
0.164446
0.000000
0.000000
0.000000
0.194369
0.000000
0.000000
0.000000
0.000000
0.000000
0.299986
0.131569
0.432799
0.000000
0.000000
0.000000
0.000000
0.276875
0.000000
0.259577
0.363355
0.000000
0.351323
0.157950
0.312285
0.136589
0.000000
0.251611
0.000000
0.000000
0.000000
0.299366
0.000000
0.000000
0.000000
0.000000
0.218705
0.178531
0.254940
0.000000
0.000000
0.227590
0.235692
0.327888
0.299451
0.000000
0.000000
0.000000
0.384374
0.000000
0.000000
0.000000
0.000000
0.000000
0.000000
0.000000
0.000000
0.000000
0.263407
0.000000
0.000000
0.000000
0.000000
0.000000
0.000000
0.000000
0.000000
0.000000
0.000000
0.000000
0.000000
0.000000
0.113247
0.000000
0.000000
0.000000
0.000000
0.000000
0.000000
0.494266
0.555828
0.000000
0.548039
0.449296
0.523870
0.442239
0.338065
0.490129
0.350533
0.198170
0.264402
0.516273
0.400290
0.000000
0.262818
0.000000
0.474078
0.456937
0.491846
0.373888
0.311247
0.478242
0.482150
0.533318
0.516323
0.370516
0.183900
0.413050
0.569791
0.000000
0.000000
0.000000
0.000000
0.000000
0.000000
0.000000
0.376052
0.000000
0.496288
0.000000
0.171672
0.000000
0.000000
0.000000
0.200519
0.000000
0.000000
0.000000
0.000000
0.000000
0.304007
0.140496
0.435595
0.000000
0.000000
0.000000
0.000000
0.281227
0.000000
0.000000
0.122190
0.000000
0.079571
0.000000
0.000000
0.000000
0.000000
0.000000
0.000000
0.000000
0.000000
0.000000
0.000000
0.000000
0.000000
0.000000
0.000000
0.000000
0.000000
0.000000
0.000000
0.000000
0.000000
0.000000
0.000000
0.000000
0.000000
0.000000
0.175063
0.000000
0.000000
0.000000
0.000000
0.000000
0.000000
0.000000
0.000000
0.000000
0.000000
0.000000
0.000000
0.000000
0.000000
0.000000
0.000000
0.000000
0.000000
0.000000
0.000000
0.000000
0.000000
0.000000
0.000000
0.000000
0.000000
0.000000
0.000000
0.000000
0.000000
0.000000
0.123631
0.000000
0.081767
0.000000
0.000000
0.000000
0.000000
0.000000
0.000000
0.000000
0.000000
0.000000
0.000000
0.000000
0.000000
0.000000
0.000000
0.000000
0.000000
0.000000
0.000000
0.000000
0.000000
0.000000
0.000000
0.000000
0.000000
0.000000
0.176072
0.000000
0.000000
0.000000
0.000000
0.000000
0.000000
0.000000
0.000000
0.000000
0.000000
0.000000
0.000000
0.000000
0.000000
0.000000
0.000000
0.000000
0.000000
0.000000
0.000000
0.000000
0.000000
0.000000
0.000000
0.000000
0.000000
0.000000
0.000000
0.000000
0.000000
0.366562
0.446110
0.000000
0.436366
0.303209
0.405597
0.292650
0.066007
0.360965
0.113764
0.000000
0.000000
0.395736
0.224279
0.000000
0.000000
0.000000
0.338850
0.314421
0.363293
0.172803
0.000000
0.344651
0.350054
0.417729
0.395801
0.165381
0.000000
0.246331
0.463390
0.000000
0.000000
0.000000
0.000000
0.000000
0.000000
0.000000
0.177436
0.000000
0.369284
0.000000
0.000000
0.000000
0.000000
0.000000
0.000000
0.000000
0.000000
0.000000
0.000000
0.000000
0.000000
0.000000
0.282510
0.000000
0.000000
0.000000
0.000000
0.000000
0.000000
0.164494
0.302828
0.000000
0.288281
0.000000
0.239165
0.000000
0.000000
0.151612
0.000000
0.000000
0.000000
0.222031
0.000000
0.000000
0.000000
0.000000
0.086660
0.000000
0.157075
0.000000
0.000000
0.107122
0.123405
0.259207
0.222147
0.000000
0.000000
0.000000
0.327752
0.000000
0.000000
0.000000
0.000000
0.000000
0.000000
0.000000
0.000000
0.000000
0.170474
0.000000
0.000000
0.000000
0.000000
0.000000
0.000000
0.000000
0.000000
0.000000
0.000000
0.000000
0.000000
0.000000
0.000000
0.000000
0.000000
0.000000
0.000000
0.000000
0.000000
0.591131
0.643493
0.214369
0.636776
0.554080
0.616099
0.548373
0.468429
0.587677
0.477505
0.380012
0.418385
0.609652
0.515141
0.000000
0.417386
0.000000
0.574359
0.560294
0.589110
0.494904
0.449458
0.577800
0.581039
0.624152
0.609694
0.492361
0.372769
0.525117
0.655591
0.000000
0.000000
0.000000
0.000000
0.000000
0.259195
0.000000
0.496541
0.000000
0.592823
0.299351
0.366891
0.000000
0.297502
0.289542
0.381242
0.303676
0.000000
0.200825
0.000000
0.223521
0.444475
0.353379
0.543029
0.000000
0.000000
0.174214
0.000000
0.429216
0.289283
0.000000
0.114119
0.000000
0.066516
0.000000
0.000000
0.000000
0.000000
0.000000
0.000000
0.000000
0.000000
0.000000
0.000000
0.000000
0.000000
0.000000
0.000000
0.000000
0.000000
0.000000
0.000000
0.000000
0.000000
0.000000
0.000000
0.000000
0.000000
0.000000
0.169528
0.000000
0.000000
0.000000
0.000000
0.000000
0.000000
0.000000
0.000000
0.000000
0.000000
0.000000
0.000000
0.000000
0.000000
0.000000
0.000000
0.000000
0.000000
0.000000
0.000000
0.000000
0.000000
0.000000
0.000000
0.000000
0.000000
0.000000
0.000000
0.000000
0.000000
0.388816
0.464569
0.000000
0.455220
0.329766
0.425816
0.320084
0.145489
0.383544
0.172489
0.000000
0.000000
0.416434
0.259058
0.000000
0.000000
0.000000
0.362807
0.340104
0.385735
0.216035
0.061270
0.368232
0.373294
0.437387
0.416496
0.210145
0.000000
0.278369
0.481187
0.000000
0.000000
0.000000
0.000000
0.000000
0.000000
0.000000
0.219759
0.000000
0.391383
0.000000
0.000000
0.000000
0.000000
0.000000
0.000000
0.000000
0.000000
0.000000
0.000000
0.000000
0.000000
0.000000
0.310841
0.000000
0.000000
0.000000
0.000000
0.000000
0.000000
0.000000
0.086009
0.000000
0.000000
0.000000
0.000000
0.000000
0.000000
0.000000
0.000000
0.000000
0.000000
0.000000
0.000000
0.000000
0.000000
0.000000
0.000000
0.000000
0.000000
0.000000
0.000000
0.000000
0.000000
0.000000
0.000000
0.000000
0.000000
0.000000
0.152033
0.000000
0.000000
0.000000
0.000000
0.000000
0.000000
0.000000
0.000000
0.000000
0.000000
0.000000
0.000000
0.000000
0.000000
0.000000
0.000000
0.000000
0.000000
0.000000
0.000000
0.000000
0.000000
0.000000
0.000000
0.000000
0.000000
0.000000
0.000000
0.000000
0.000000
0.132020
0.286489
0.000000
0.271067
0.000000
0.218107
0.000000
0.000000
0.115574
0.000000
0.000000
0.000000
0.199171
0.000000
0.000000
0.000000
0.000000
0.000000
0.000000
0.122652
0.000000
0.000000
0.042968
0.074832
0.239915
0.199299
0.000000
0.000000
0.000000
0.312718
0.000000
0.000000
0.000000
0.000000
0.000000
0.000000
0.000000
0.000000
0.000000
0.139400
0.000000
0.000000
0.000000
0.000000
0.000000
0.000000
0.000000
0.000000
0.000000
0.000000
0.000000
0.000000
0.000000
0.000000
0.000000
0.000000
0.000000
0.000000
0.000000
0.000000
0.419319
0.490383
0.000000
0.481536
0.365235
0.453840
0.356518
0.214052
0.414436
0.233246
0.000000
0.037933
0.445049
0.302923
0.000000
0.024568
0.000000
0.395323
0.374596
0.416465
0.267063
0.168539
0.400307
0.404968
0.464714
0.445107
0.262321
0.000000
0.319594
0.506154
0.000000
0.000000
0.000000
0.000000
0.000000
0.000000
0.000000
0.270084
0.000000
0.421701
0.000000
0.000000
0.000000
0.000000
0.000000
0.000000
0.000000
0.000000
0.000000
0.000000
0.000000
0.154759
0.000000
0.348244
0.000000
0.000000
0.000000
0.000000
0.103047
0.000000
0.000000
0.180019
0.000000
0.154299
0.000000
0.000000
0.000000
0.000000
0.000000
0.000000
0.000000
0.000000
0.000000
0.000000
0.000000
0.000000
0.000000
0.000000
0.000000
0.000000
0.000000
0.000000
0.000000
0.000000
0.088828
0.000000
0.000000
0.000000
0.000000
0.219371
0.000000
0.000000
0.000000
0.000000
0.000000
0.000000
0.000000
0.000000
0.000000
0.000000
0.000000
0.000000
0.000000
0.000000
0.000000
0.000000
0.000000
0.000000
0.000000
0.000000
0.000000
0.000000
0.000000
0.000000
0.000000
0.000000
0.000000
0.000000
0.000000
0.000000
0.000000
0.112511
0.000000
0.063716
0.000000
0.000000
0.000000
0.000000
0.000000
0.000000
0.000000
0.000000
0.000000
0.000000
0.000000
0.000000
0.000000
0.000000
0.000000
0.000000
0.000000
0.000000
0.000000
0.000000
0.000000
0.000000
0.000000
0.000000
0.000000
0.168449
0.000000
0.000000
0.000000
0.000000
0.000000
0.000000
0.000000
0.000000
0.000000
0.000000
0.000000
0.000000
0.000000
0.000000
0.000000
0.000000
0.000000
0.000000
0.000000
0.000000
0.000000
0.000000
0.000000
0.000000
0.000000
0.000000
0.000000
0.000000
0.000000
0.000000
0.419460
0.490504
0.000000
0.481658
0.365397
0.453970
0.356684
0.214328
0.414578
0.233499
0.000000
0.039459
0.445182
0.303118
0.000000
0.026864
0.000000
0.395473
0.374754
0.416607
0.267284
0.168889
0.400455
0.405114
0.464841
0.445239
0.262546
0.000000
0.319779
0.506271
0.000000
0.000000
0.000000
0.000000
0.000000
0.000000
0.000000
0.270302
0.000000
0.421841
0.000000
0.000000
0.000000
0.000000
0.000000
0.000000
0.000000
0.000000
0.000000
0.000000
0.000000
0.155141
0.000000
0.348413
0.000000
0.000000
0.000000
0.000000
0.103619
0.000000
0.000000
0.000000
0.000000
0.000000
0.000000
0.000000
0.000000
0.000000
0.000000
0.000000
0.000000
0.000000
0.000000
0.000000
0.000000
0.000000
0.000000
0.000000
0.000000
0.000000
0.000000
0.000000
0.000000
0.000000
0.000000
0.000000
0.000000
0.000000
0.000000
0.000000
0.000000
0.000000
0.000000
0.000000
0.000000
0.000000
0.000000
0.000000
0.000000
0.000000
0.000000
0.000000
0.000000
0.000000
0.000000
0.000000
0.000000
0.000000
0.000000
0.000000
0.000000
0.000000
0.000000
0.000000
0.000000
0.000000
0.000000
0.000000
0.000000
0.000000
0.000000
0.209057
0.000000
0.187366
0.000000
0.095914
0.000000
0.000000
0.000000
0.000000
0.000000
0.000000
0.036025
0.000000
0.000000
0.000000
0.000000
0.000000
0.000000
0.000000
0.000000
0.000000
0.000000
0.000000
0.138521
0.036730
0.000000
0.000000
0.000000
0.243765
0.000000
0.000000
0.000000
0.000000
0.000000
0.000000
0.000000
0.000000
0.000000
0.000000
0.000000
0.000000
0.000000
0.000000
0.000000
0.000000
0.000000
0.000000
0.000000
0.000000
0.000000
0.000000
0.000000
0.000000
0.000000
0.000000
0.000000
0.000000
0.000000
0.000000
0.315118
0.404902
0.000000
0.394141
0.238468
0.359778
0.224890
0.000000
0.308589
0.000000
0.000000
0.000000
0.348624
0.123421
0.000000
0.000000
0.000000
0.282402
0.252571
0.311309
0.000000
0.000000
0.289337
0.295753
0.373402
0.348698
0.000000
0.000000
0.160033
0.423866
0.000000
0.000000
0.000000
0.000000
0.000000
0.000000
0.000000
0.000000
0.000000
0.318280
0.000000
0.000000
0.000000
0.000000
0.000000
0.000000
0.000000
0.000000
0.000000
0.000000
0.000000
0.000000
0.000000
0.211527
0.000000
0.000000
0.000000
0.000000
0.000000
0.000000
0.286217
0.382841
0.000000
0.371440
0.198716
0.334756
0.182199
0.000000
0.279013
0.000000
0.000000
0.000000
0.322738
0.000000
0.000000
0.000000
0.000000
0.249744
0.215438
0.282019
0.000000
0.000000
0.257560
0.264747
0.349357
0.322818
0.000000
0.000000
0.090729
0.402844
0.000000
0.000000
0.000000
0.000000
0.000000
0.000000
0.000000
0.000000
0.000000
0.289695
0.000000
0.000000
0.000000
0.000000
0.000000
0.000000
0.000000
0.000000
0.000000
0.000000
0.000000
0.000000
0.000000
0.165423
0.000000
0.000000
0.000000
0.000000
0.000000
0.000000
0.000000
0.216653
0.000000
0.195805
0.000000
0.111504
0.000000
0.000000
0.000000
0.000000
0.000000
0.000000
0.067316
0.000000
0.000000
0.000000
0.000000
0.000000
0.000000
0.000000
0.000000
0.000000
0.000000
0.000000
0.149739
0.067695
0.000000
0.000000
0.000000
0.250310
0.000000
0.000000
0.000000
0.000000
0.000000
0.000000
0.000000
0.000000
0.000000
0.000000
0.000000
0.000000
0.000000
0.000000
0.000000
0.000000
0.000000
0.000000
0.000000
0.000000
0.000000
0.000000
0.000000
0.000000
0.000000
0.000000
0.000000
0.000000
0.000000
0.000000
0.328765
0.415612
0.000000
0.405135
0.256232
0.371790
0.243645
0.000000
0.322513
0.000000
0.000000
0.000000
0.361007
0.154984
0.000000
0.000000
0.000000
0.297554
0.269406
0.325117
0.059834
0.000000
0.304144
0.310253
0.384989
0.361078
0.032709
0.000000
0.185467
0.434108
0.000000
0.000000
0.000000
0.000000
0.000000
0.000000
0.000000
0.072130
0.000000
0.331798
0.000000
0.000000
0.000000
0.000000
0.000000
0.000000
0.000000
0.000000
0.000000
0.000000
0.000000
0.000000
0.000000
0.231368
0.000000
0.000000
0.000000
0.000000
0.000000
0.000000
0.124788
0.283229
0.000000
0.267619
0.000000
0.213807
0.000000
0.000000
0.107239
0.000000
0.000000
0.000000
0.194453
0.000000
0.000000
0.000000
0.000000
0.000000
0.000000
0.114832
0.000000
0.000000
0.000000
0.061178
0.236013
0.194585
0.000000
0.000000
0.000000
0.309735
0.000000
0.000000
0.000000
0.000000
0.000000
0.000000
0.000000
0.000000
0.000000
0.132572
0.000000
0.000000
0.000000
0.000000
0.000000
0.000000
0.000000
0.000000
0.000000
0.000000
0.000000
0.000000
0.000000
0.000000
0.000000
0.000000
0.000000
0.000000
0.000000
0.000000
0.144531
0.292465
0.000000
0.277375
0.000000
0.225900
0.000000
0.000000
0.129682
0.000000
0.000000
0.000000
0.207675
0.000000
0.000000
0.000000
0.000000
0.036619
0.000000
0.136028
0.000000
0.000000
0.072844
0.095183
0.247021
0.207799
0.000000
0.000000
0.000000
0.318202
0.000000
0.000000
0.000000
0.000000
0.000000
0.000000
0.000000
0.000000
0.000000
0.151302
0.000000
0.000000
0.000000
0.000000
0.000000
0.000000
0.000000
0.000000
0.000000
0.000000
0.000000
0.000000
0.000000
0.000000
0.000000
0.000000
0.000000
0.000000
0.000000
0.000000
0.437548
0.506059
0.000000
0.497490
0.386027
0.470734
0.377790
0.247867
0.432870
0.264620
0.000000
0.130609
0.462264
0.327693
0.000000
0.127371
0.000000
0.414609
0.394895
0.434814
0.294860
0.209822
0.419363
0.423815
0.481226
0.462320
0.290572
0.000000
0.343162
0.521356
0.000000
0.000000
0.000000
0.000000
0.000000
0.000000
0.000000
0.297599
0.000000
0.439832
0.000000
0.000000
0.000000
0.000000
0.000000
0.000000
0.000000
0.000000
0.000000
0.000000
0.000000
0.198923
0.000000
0.369991
0.000000
0.000000
0.000000
0.000000
0.161983
0.000000
0.000000
0.230440
0.000000
0.210959
0.000000
0.136372
0.000000
0.000000
0.000000
0.000000
0.000000
0.000000
0.103420
0.000000
0.000000
0.000000
0.000000
0.000000
0.000000
0.000000
0.000000
0.000000
0.000000
0.000000
0.169074
0.103667
0.000000
0.000000
0.000000
0.262334
0.000000
0.000000
0.000000
0.000000
0.000000
0.000000
0.000000
0.000000
0.000000
0.000000
0.000000
0.000000
0.000000
0.000000
0.000000
0.000000
0.000000
0.000000
0.000000
0.000000
0.000000
0.000000
0.000000
0.000000
0.000000
0.000000
0.000000
0.000000
0.000000
0.000000
0.000000
0.094268
0.000000
0.016960
0.000000
0.000000
0.000000
0.000000
0.000000
0.000000
0.000000
0.000000
0.000000
0.000000
0.000000
0.000000
0.000000
0.000000
0.000000
0.000000
0.000000
0.000000
0.000000
0.000000
0.000000
0.000000
0.000000
0.000000
0.000000
0.156854
0.000000
0.000000
0.000000
0.000000
0.000000
0.000000
0.000000
0.000000
0.000000
0.000000
0.000000
0.000000
0.000000
0.000000
0.000000
0.000000
0.000000
0.000000
0.000000
0.000000
0.000000
0.000000
0.000000
0.000000
0.000000
0.000000
0.000000
0.000000
0.000000
0.000000
0.000000
0.194407
0.000000
0.170866
0.000000
0.057347
0.000000
0.000000
0.000000
0.000000
0.000000
0.000000
0.000000
0.000000
0.000000
0.000000
0.000000
0.000000
0.000000
0.000000
0.000000
0.000000
0.000000
0.000000
0.115227
0.000000
0.000000
0.000000
0.000000
0.231324
0.000000
0.000000
0.000000
0.000000
0.000000
0.000000
0.000000
0.000000
0.000000
0.000000
0.000000
0.000000
0.000000
0.000000
0.000000
0.000000
0.000000
0.000000
0.000000
0.000000
0.000000
0.000000
0.000000
0.000000
0.000000
0.000000
0.000000
0.000000
0.000000
0.000000
0.369654
0.448655
0.000000
0.438967
0.306940
0.408394
0.296514
0.081449
0.364105
0.123366
0.000000
0.000000
0.398603
0.229299
0.000000
0.000000
0.000000
0.342193
0.318021
0.366413
0.179271
0.000000
0.347939
0.353292
0.420446
0.398667
0.172127
0.000000
0.250910
0.465841
0.000000
0.000000
0.000000
0.000000
0.000000
0.000000
0.000000
0.183741
0.000000
0.372354
0.000000
0.000000
0.000000
0.000000
0.000000
0.000000
0.000000
0.000000
0.000000
0.000000
0.000000
0.000000
0.000000
0.286512
0.000000
0.000000
0.000000
0.000000
0.000000
0.000000
0.000000
0.000000
0.000000
0.000000
0.000000
0.000000
0.000000
0.000000
0.000000
0.000000
0.000000
0.000000
0.000000
0.000000
0.000000
0.000000
0.000000
0.000000
0.000000
0.000000
0.000000
0.000000
0.000000
0.000000
0.000000
0.000000
0.000000
0.000000
0.000000
0.080876
0.000000
0.000000
0.000000
0.000000
0.000000
0.000000
0.000000
0.000000
0.000000
0.000000
0.000000
0.000000
0.000000
0.000000
0.000000
0.000000
0.000000
0.000000
0.000000
0.000000
0.000000
0.000000
0.000000
0.000000
0.000000
0.000000
0.000000
0.000000
0.000000
0.000000
0.109491
0.276830
0.000000
0.260838
0.000000
0.205256
0.000000
0.000000
0.088974
0.000000
0.000000
0.000000
0.185008
0.000000
0.000000
0.000000
0.000000
0.000000
0.000000
0.097993
0.000000
0.000000
0.000000
0.012606
0.228295
0.185147
0.000000
0.000000
0.000000
0.303894
0.000000
0.000000
0.000000
0.000000
0.000000
0.000000
0.000000
0.000000
0.000000
0.118286
0.000000
0.000000
0.000000
0.000000
0.000000
0.000000
0.000000
0.000000
0.000000
0.000000
0.000000
0.000000
0.000000
0.000000
0.000000
0.000000
0.000000
0.000000
0.000000
0.000000
0.189087
0.316861
0.000000
0.302988
0.000000
0.256701
0.000000
0.000000
0.177994
0.000000
0.000000
0.000000
0.240819
0.000000
0.000000
0.000000
0.000000
0.127301
0.015721
0.182670
0.000000
0.000000
0.142024
0.154675
0.275470
0.240925
0.000000
0.000000
0.000000
0.340760
0.000000
0.000000
0.000000
0.000000
0.000000
0.000000
0.000000
0.000000
0.000000
0.194312
0.000000
0.000000
0.000000
0.000000
0.000000
0.000000
0.000000
0.000000
0.000000
0.000000
0.000000
0.000000
0.000000
0.000000
0.000000
0.000000
0.000000
0.000000
0.000000
0.000000
0.000000
0.180301
0.000000
0.154627
0.000000
0.000000
0.000000
0.000000
0.000000
0.000000
0.000000
0.000000
0.000000
0.000000
0.000000
0.000000
0.000000
0.000000
0.000000
0.000000
0.000000
0.000000
0.000000
0.000000
0.089396
0.000000
0.000000
0.000000
0.000000
0.219602
0.000000
0.000000
0.000000
0.000000
0.000000
0.000000
0.000000
0.000000
0.000000
0.000000
0.000000
0.000000
0.000000
0.000000
0.000000
0.000000
0.000000
0.000000
0.000000
0.000000
0.000000
0.000000
0.000000
0.000000
0.000000
0.000000
0.000000
0.000000
0.000000
0.000000
0.000000
0.000000
0.000000
0.000000
0.000000
0.000000
0.000000
0.000000
0.000000
0.000000
0.000000
0.000000
0.000000
0.000000
0.000000
0.000000
0.000000
0.000000
0.000000
0.000000
0.000000
0.000000
0.000000
0.000000
0.000000
0.000000
0.000000
0.000000
0.000000
0.000000
0.000000
0.000000
0.000000
0.000000
0.000000
0.000000
0.000000
0.000000
0.000000
0.000000
0.000000
0.000000
0.000000
0.000000
0.000000
0.000000
0.000000
0.000000
0.000000
0.000000
0.000000
0.000000
0.000000
0.000000
0.000000
0.000000
0.000000
0.000000
0.000000
0.000000
0.531030
0.588761
0.000000
0.581412
0.489449
0.558690
0.482979
0.389849
0.527182
0.400709
0.277426
0.328028
0.551573
0.444889
0.000000
0.326753
0.000000
0.512293
0.496473
0.528779
0.421291
0.366836
0.516149
0.519772
0.567558
0.551619
0.418301
0.267420
0.456403
0.601960
0.000000
0.000000
0.000000
0.000000
0.000000
0.000000
0.000000
0.423212
0.000000
0.532912
0.148886
0.259162
0.000000
0.145133
0.128027
0.279109
0.157401
0.000000
0.000000
0.000000
0.000000
0.360713
0.239652
0.476904
0.000000
0.000000
0.000000
0.000000
0.341734
0.127440
0.000000
0.172309
0.000000
0.145230
0.000000
0.000000
0.000000
0.000000
0.000000
0.000000
0.000000
0.000000
0.000000
0.000000
0.000000
0.000000
0.000000
0.000000
0.000000
0.000000
0.000000
0.000000
0.000000
0.000000
0.071930
0.000000
0.000000
0.000000
0.000000
0.213090
0.000000
0.000000
0.000000
0.000000
0.000000
0.000000
0.000000
0.000000
0.000000
0.000000
0.000000
0.000000
0.000000
0.000000
0.000000
0.000000
0.000000
0.000000
0.000000
0.000000
0.000000
0.000000
0.000000
0.000000
0.000000
0.000000
0.000000
0.000000
0.000000
0.000000
0.435203
0.504032
0.000000
0.495429
0.383367
0.468554
0.375071
0.243703
0.430500
0.260723
0.000000
0.122523
0.460045
0.324554
0.000000
0.119065
0.000000
0.412133
0.392295
0.432454
0.291368
0.204886
0.416916
0.421393
0.479095
0.460101
0.287028
0.000000
0.340167
0.519389
0.000000
0.000000
0.000000
0.000000
0.000000
0.000000
0.000000
0.294140
0.000000
0.437499
0.000000
0.000000
0.000000
0.000000
0.000000
0.000000
0.000000
0.000000
0.000000
0.000000
0.000000
0.193710
0.000000
0.367215
0.000000
0.000000
0.000000
0.000000
0.155537
0.000000
0.354154
0.435973
0.000000
0.425997
0.288086
0.394420
0.276951
0.000000
0.348358
0.063247
0.000000
0.000000
0.384272
0.203369
0.000000
0.000000
0.000000
0.325388
0.299864
0.350770
0.144634
0.000000
0.331425
0.337040
0.406885
0.384339
0.135679
0.000000
0.227458
0.453639
0.000000
0.000000
0.000000
0.000000
0.000000
0.000000
0.000000
0.150139
0.000000
0.356971
0.000000
0.000000
0.000000
0.000000
0.000000
0.000000
0.000000
0.000000
0.000000
0.000000
0.000000
0.000000
0.000000
0.266214
0.000000
0.000000
0.000000
0.000000
0.000000
0.000000
0.465826
0.530698
0.000000
0.522534
0.417806
0.497127
0.410207
0.294929
0.461434
0.309141
0.109391
0.206406
0.489115
0.364592
0.000000
0.204373
0.000000
0.444348
0.426013
0.463258
0.335391
0.263761
0.448788
0.452950
0.507073
0.489167
0.331628
0.080711
0.378557
0.545304
0.000000
0.000000
0.000000
0.000000
0.000000
0.000000
0.000000
0.337801
0.000000
0.467971
0.000000
0.046541
0.000000
0.000000
0.000000
0.113591
0.000000
0.000000
0.000000
0.000000
0.000000
0.255177
0.000000
0.403036
0.000000
0.000000
0.000000
0.000000
0.227560
0.000000
0.606843
0.657955
0.254513
0.651388
0.570812
0.631189
0.565274
0.488107
0.603479
0.496823
0.404019
0.440305
0.624899
0.533097
0.000000
0.439356
0.000000
0.590517
0.576847
0.604874
0.513568
0.469931
0.593865
0.597017
0.639053
0.624940
0.511118
0.397215
0.542743
0.669792
0.000000
0.000000
0.000000
0.000000
0.016172
0.293265
0.000000
0.515146
0.000000
0.608491
0.329292
0.391703
0.000000
0.327612
0.320401
0.405177
0.333229
0.000000
0.243214
0.000000
0.262267
0.465167
0.379077
0.560092
0.000000
0.000000
0.221750
0.084263
0.450609
0.320167
0.181114
0.312169
0.000000
0.298078
0.000000
0.250886
0.000000
0.000000
0.169501
0.000000
0.000000
0.000000
0.234611
0.000000
0.000000
0.000000
0.000000
0.115127
0.000000
0.174404
0.000000
0.000000
0.131223
0.144821
0.270060
0.234720
0.000000
0.000000
0.000000
0.336401
0.000000
0.000000
0.000000
0.000000
0.000000
0.000000
0.000000
0.000000
0.000000
0.186563
0.000000
0.000000
0.000000
0.000000
0.000000
0.000000
0.000000
0.000000
0.000000
0.000000
0.000000
0.000000
0.000000
0.000000
0.000000
0.000000
0.000000
0.000000
0.000000
0.000000
0.000000
0.000000
0.000000
0.000000
0.000000
0.000000
0.000000
0.000000
0.000000
0.000000
0.000000
0.000000
0.000000
0.000000
0.000000
0.000000
0.000000
0.000000
0.000000
0.000000
0.000000
0.000000
0.000000
0.000000
0.000000
0.000000
0.000000
0.000000
0.000000
0.062361
0.000000
0.000000
0.000000
0.000000
0.000000
0.000000
0.000000
0.000000
0.000000
0.000000
0.000000
0.000000
0.000000
0.000000
0.000000
0.000000
0.000000
0.000000
0.000000
0.000000
0.000000
0.000000
0.000000
0.000000
0.000000
0.000000
0.000000
0.000000
0.000000
0.000000
0.000000
0.174193
0.000000
0.147460
0.000000
0.000000
0.000000
0.000000
0.000000
0.000000
0.000000
0.000000
0.000000
0.000000
0.000000
0.000000
0.000000
0.000000
0.000000
0.000000
0.000000
0.000000
0.000000
0.000000
0.076332
0.000000
0.000000
0.000000
0.000000
0.214616
0.000000
0.000000
0.000000
0.000000
0.000000
0.000000
0.000000
0.000000
0.000000
0.000000
0.000000
0.000000
0.000000
0.000000
0.000000
0.000000
0.000000
0.000000
0.000000
0.000000
0.000000
0.000000
0.000000
0.000000
0.000000
0.000000
0.000000
0.000000
0.000000
0.000000
0.296909
0.390898
0.000000
0.379740
0.213829
0.343942
0.198573
0.000000
0.289970
0.000000
0.000000
0.000000
0.332257
0.063940
0.000000
0.000000
0.000000
0.261928
0.229451
0.292863
0.000000
0.000000
0.269391
0.276270
0.358169
0.332334
0.000000
0.000000
0.120276
0.410509
0.000000
0.000000
0.000000
0.000000
0.000000
0.000000
0.000000
0.000000
0.000000
0.300263
0.000000
0.000000
0.000000
0.000000
0.000000
0.000000
0.000000
0.000000
0.000000
0.000000
0.000000
0.000000
0.000000
0.183301
0.000000
0.000000
0.000000
0.000000
0.000000
0.000000
0.000000
0.000000
0.000000
0.000000
0.000000
0.000000
0.000000
0.000000
0.000000
0.000000
0.000000
0.000000
0.000000
0.000000
0.000000
0.000000
0.000000
0.000000
0.000000
0.000000
0.000000
0.000000
0.000000
0.000000
0.000000
0.000000
0.000000
0.000000
0.000000
0.038156
0.000000
0.000000
0.000000
0.000000
0.000000
0.000000
0.000000
0.000000
0.000000
0.000000
0.000000
0.000000
0.000000
0.000000
0.000000
0.000000
0.000000
0.000000
0.000000
0.000000
0.000000
0.000000
0.000000
0.000000
0.000000
0.000000
0.000000
0.000000
0.000000
0.000000
0.485135
0.547725
0.000000
0.539819
0.439232
0.515265
0.432010
0.324570
0.480920
0.337537
0.174153
0.246914
0.507539
0.388960
0.000000
0.245216
0.000000
0.464551
0.447045
0.482670
0.361732
0.296534
0.468800
0.472786
0.524868
0.507590
0.358245
0.157725
0.402079
0.561889
0.000000
0.000000
0.000000
0.000000
0.000000
0.000000
0.000000
0.363968
0.000000
0.487195
0.000000
0.143279
0.000000
0.000000
0.000000
0.176821
0.000000
0.000000
0.000000
0.000000
0.000000
0.288925
0.103908
0.425207
0.000000
0.000000
0.000000
0.000000
0.264851
0.000000
0.000000
0.224452
0.000000
0.204402
0.000000
0.125991
0.000000
0.000000
0.000000
0.000000
0.000000
0.000000
0.089286
0.000000
0.000000
0.000000
0.000000
0.000000
0.000000
0.000000
0.000000
0.000000
0.000000
0.000000
0.160817
0.089572
0.000000
0.000000
0.000000
0.257090
0.000000
0.000000
0.000000
0.000000
0.000000
0.000000
0.000000
0.000000
0.000000
0.000000
0.000000
0.000000
0.000000
0.000000
0.000000
0.000000
0.000000
0.000000
0.000000
0.000000
0.000000
0.000000
0.000000
0.000000
0.000000
0.000000
0.000000
0.000000
0.000000
0.000000
0.000000
0.063833
0.000000
0.000000
0.000000
0.000000
0.000000
0.000000
0.000000
0.000000
0.000000
0.000000
0.000000
0.000000
0.000000
0.000000
0.000000
0.000000
0.000000
0.000000
0.000000
0.000000
0.000000
0.000000
0.000000
0.000000
0.000000
0.000000
0.000000
0.140682
0.000000
0.000000
0.000000
0.000000
0.000000
0.000000
0.000000
0.000000
0.000000
0.000000
0.000000
0.000000
0.000000
0.000000
0.000000
0.000000
0.000000
0.000000
0.000000
0.000000
0.000000
0.000000
0.000000
0.000000
0.000000
0.000000
0.000000
0.000000
0.000000
0.000000
0.379469
0.456775
0.000000
0.447264
0.318693
0.417299
0.308664
0.118264
0.374065
0.150239
0.000000
0.000000
0.407721
0.244807
0.000000
0.000000
0.000000
0.352773
0.329378
0.376313
0.198722
0.000000
0.358349
0.363548
0.429100
0.407784
0.192302
0.000000
0.265157
0.473667
0.000000
0.000000
0.000000
0.000000
0.000000
0.000000
0.000000
0.202764
0.000000
0.382099
0.000000
0.000000
0.000000
0.000000
0.000000
0.000000
0.000000
0.000000
0.000000
0.000000
0.000000
0.000000
0.000000
0.299068
0.000000
0.000000
0.000000
0.000000
0.000000
0.000000
0.000000
0.183306
0.000000
0.158120
0.000000
0.000000
0.000000
0.000000
0.000000
0.000000
0.000000
0.000000
0.000000
0.000000
0.000000
0.000000
0.000000
0.000000
0.000000
0.000000
0.000000
0.000000
0.000000
0.000000
0.095311
0.000000
0.000000
0.000000
0.000000
0.222075
0.000000
0.000000
0.000000
0.000000
0.000000
0.000000
0.000000
0.000000
0.000000
0.000000
0.000000
0.000000
0.000000
0.000000
0.000000
0.000000
0.000000
0.000000
0.000000
0.000000
0.000000
0.000000
0.000000
0.000000
0.000000
0.000000
0.000000
0.000000
0.000000
0.000000
0.142817
0.291622
0.000000
0.276486
0.000000
0.224807
0.000000
0.000000
0.127769
0.000000
0.000000
0.000000
0.206486
0.000000
0.000000
0.000000
0.000000
0.029129
0.000000
0.134205
0.000000
0.000000
0.069381
0.092560
0.246022
0.206610
0.000000
0.000000
0.000000
0.317427
0.000000
0.000000
0.000000
0.000000
0.000000
0.000000
0.000000
0.000000
0.000000
0.149666
0.000000
0.000000
0.000000
0.000000
0.000000
0.000000
0.000000
0.000000
0.000000
0.000000
0.000000
0.000000
0.000000
0.000000
0.000000
0.000000
0.000000
0.000000
0.000000
0.000000
0.538622
0.595618
0.000000
0.588355
0.497676
0.565911
0.491315
0.400129
0.534829
0.410717
0.291696
0.340182
0.558886
0.453924
0.000000
0.338952
0.000000
0.520159
0.504586
0.536403
0.430822
0.377744
0.523957
0.527527
0.574668
0.558932
0.427899
0.282196
0.465215
0.608668
0.000000
0.000000
0.000000
0.000000
0.000000
0.088655
0.000000
0.432701
0.000000
0.540478
0.174035
0.274384
0.000000
0.170835
0.156564
0.293297
0.181374
0.000000
0.000000
0.000000
0.000000
0.371800
0.256036
0.485344
0.000000
0.000000
0.000000
0.000000
0.353417
0.156084
0.233261
0.345047
0.000000
0.332353
0.109447
0.290778
0.075412
0.000000
0.224363
0.000000
0.000000
0.000000
0.276858
0.000000
0.000000
0.000000
0.000000
0.186714
0.137491
0.228089
0.000000
0.000000
0.197047
0.206352
0.307475
0.276950
0.000000
0.000000
0.000000
0.367116
0.000000
0.000000
0.000000
0.000000
0.000000
0.000000
0.000000
0.000000
0.000000
0.237516
0.000000
0.000000
0.000000
0.000000
0.000000
0.000000
0.000000
0.000000
0.000000
0.000000
0.000000
0.000000
0.000000
0.000000
0.000000
0.000000
0.000000
0.000000
0.000000
0.000000
0.000000
0.234804
0.000000
0.215717
0.000000
0.143622
0.000000
0.000000
0.000000
0.000000
0.000000
0.000000
0.112808
0.000000
0.000000
0.000000
0.000000
0.000000
0.000000
0.000000
0.000000
0.000000
0.000000
0.000000
0.174974
0.113035
0.000000
0.000000
0.000000
0.266175
0.000000
0.000000
0.000000
0.000000
0.000000
0.000000
0.000000
0.000000
0.000000
0.000000
0.000000
0.000000
0.000000
0.000000
0.000000
0.000000
0.000000
0.000000
0.000000
0.000000
0.000000
0.000000
0.000000
0.000000
0.000000
0.000000
0.000000
0.000000
0.000000
0.000000
0.319031
0.407955
0.000000
0.397276
0.243616
0.363211
0.230341
0.000000
0.312584
0.000000
0.000000
0.000000
0.352165
0.133095
0.000000
0.000000
0.000000
0.286762
0.257437
0.315269
0.000000
0.000000
0.293594
0.299919
0.376710
0.352238
0.000000
0.000000
0.167607
0.426783
0.000000
0.000000
0.000000
0.000000
0.000000
0.000000
0.000000
0.000000
0.000000
0.322155
0.000000
0.000000
0.000000
0.000000
0.000000
0.000000
0.000000
0.000000
0.000000
0.000000
0.000000
0.000000
0.000000
0.217314
0.000000
0.000000
0.000000
0.000000
0.000000
0.000000
0.417296
0.488654
0.000000
0.479775
0.362911
0.451971
0.354136
0.210061
0.412388
0.229589
0.000000
0.000000
0.443143
0.300116
0.000000
0.000000
0.000000
0.393177
0.372330
0.414428
0.263875
0.163440
0.398187
0.402873
0.462889
0.443201
0.259074
0.000000
0.316935
0.504479
0.000000
0.000000
0.000000
0.000000
0.000000
0.000000
0.000000
0.266931
0.000000
0.419690
0.000000
0.000000
0.000000
0.000000
0.000000
0.000000
0.000000
0.000000
0.000000
0.000000
0.000000
0.149190
0.000000
0.345805
0.000000
0.000000
0.000000
0.000000
0.094478
0.000000
0.390598
0.466062
0.000000
0.456744
0.331866
0.427444
0.322248
0.150189
0.385351
0.176471
0.000000
0.000000
0.418099
0.261727
0.000000
0.000000
0.000000
0.364717
0.342141
0.387532
0.219228
0.071719
0.370114
0.375150
0.438973
0.418160
0.213426
0.000000
0.280854
0.482629
0.000000
0.000000
0.000000
0.000000
0.000000
0.000000
0.000000
0.222898
0.000000
0.393154
0.000000
0.000000
0.000000
0.000000
0.000000
0.000000
0.000000
0.000000
0.000000
0.000000
0.000000
0.026245
0.000000
0.313068
0.000000
0.000000
0.000000
0.000000
0.000000
0.000000
0.407769
0.480543
0.000000
0.471511
0.351914
0.443189
0.342858
0.190433
0.402745
0.211778
0.000000
0.000000
0.434183
0.286721
0.000000
0.000000
0.000000
0.383049
0.361619
0.404833
0.248533
0.137301
0.388191
0.392996
0.454318
0.434242
0.243431
0.000000
0.304281
0.496627
0.000000
0.000000
0.000000
0.000000
0.000000
0.000000
0.000000
0.251777
0.000000
0.410217
0.000000
0.000000
0.000000
0.000000
0.000000
0.000000
0.000000
0.000000
0.000000
0.000000
0.000000
0.119987
0.000000
0.334245
0.000000
0.000000
0.000000
0.000000
0.032636
0.000000
0.389587
0.465215
0.000000
0.455880
0.330676
0.426520
0.321021
0.147539
0.384326
0.174221
0.000000
0.000000
0.417155
0.260215
0.000000
0.000000
0.000000
0.363634
0.340986
0.386513
0.217421
0.065990
0.369046
0.374097
0.438073
0.417216
0.211569
0.000000
0.279446
0.481811
0.000000
0.000000
0.000000
0.000000
0.000000
0.000000
0.000000
0.221121
0.000000
0.392150
0.000000
0.000000
0.000000
0.000000
0.000000
0.000000
0.000000
0.000000
0.000000
0.000000
0.000000
0.000000
0.000000
0.311806
0.000000
0.000000
0.000000
0.000000
0.000000
0.000000
0.337376
0.422456
0.000000
0.412153
0.267190
0.379426
0.255145
0.000000
0.331286
0.000000
0.000000
0.000000
0.368866
0.172499
0.000000
0.000000
0.000000
0.307041
0.279849
0.333821
0.096519
0.000000
0.313431
0.319363
0.392368
0.368935
0.082497
0.000000
0.200334
0.440665
0.000000
0.000000
0.000000
0.000000
0.000000
0.000000
0.000000
0.104588
0.000000
0.340331
0.000000
0.000000
0.000000
0.000000
0.000000
0.000000
0.000000
0.000000
0.000000
0.000000
0.000000
0.000000
0.000000
0.243448
0.000000
0.000000
0.000000
0.000000
0.000000
0.000000
0.269197
0.370289
0.000000
0.358489
0.173306
0.320325
0.154089
0.000000
0.261524
0.000000
0.000000
0.000000
0.307744
0.000000
0.000000
0.000000
0.000000
0.230040
0.192250
0.264728
0.000000
0.000000
0.238503
0.246247
0.335555
0.307828
0.000000
0.000000
0.000000
0.390935
0.000000
0.000000
0.000000
0.000000
0.000000
0.000000
0.000000
0.000000
0.000000
0.272892
0.000000
0.000000
0.000000
0.000000
0.000000
0.000000
0.000000
0.000000
0.000000
0.000000
0.000000
0.000000
0.000000
0.133834
0.000000
0.000000
0.000000
0.000000
0.000000
0.000000
0.377362
0.455026
0.000000
0.445477
0.316180
0.415383
0.306069
0.111317
0.371927
0.144833
0.000000
0.000000
0.405760
0.241527
0.000000
0.000000
0.000000
0.350505
0.326948
0.374187
0.194668
0.000000
0.356116
0.361348
0.427238
0.405824
0.188110
0.000000
0.262133
0.471980
0.000000
0.000000
0.000000
0.000000
0.000000
0.000000
0.000000
0.198792
0.000000
0.380007
0.000000
0.000000
0.000000
0.000000
0.000000
0.000000
0.000000
0.000000
0.000000
0.000000
0.000000
0.000000
0.000000
0.296389
0.000000
0.000000
0.000000
0.000000
0.000000
0.000000
0.648783
0.696825
0.342691
0.690628
0.615213
0.671610
0.610078
0.539359
0.645637
0.547260
0.464642
0.496517
0.665702
0.580390
0.131892
0.495675
0.114913
0.633538
0.620816
0.646941
0.562506
0.522968
0.636660
0.639601
0.679006
0.665740
0.560270
0.458737
0.589263
0.708013
0.091754
0.203159
0.000000
0.000000
0.230047
0.372377
0.187526
0.563946
0.000000
0.650325
0.401365
0.453973
0.000000
0.399987
0.394103
0.465648
0.404601
0.170640
0.334385
0.000000
0.348488
0.518691
0.443125
0.605280
0.000000
0.000000
0.319113
0.244460
0.505677
0.393913
0.294253
0.388885
0.000000
0.377668
0.210126
0.341652
0.194580
0.000000
0.287251
0.000000
0.000000
0.000000
0.329886
0.050185
0.000000
0.000000
0.000000
0.258914
0.226005
0.290171
0.000000
0.000000
0.266462
0.273414
0.355970
0.329963
0.000000
0.000000
0.113563
0.408593
0.000000
0.000000
0.000000
0.000000
0.000000
0.000000
0.000000
0.000000
0.000000
0.297637
0.000000
0.000000
0.000000
0.000000
0.000000
0.000000
0.000000
0.000000
0.000000
0.000000
0.000000
0.000000
0.000000
0.178968
0.000000
0.000000
0.000000
0.000000
0.000000
0.000000
0.000000
0.200211
0.000000
0.177442
0.000000
0.074695
0.000000
0.000000
0.000000
0.000000
0.000000
0.000000
0.000000
0.000000
0.000000
0.000000
0.000000
0.000000
0.000000
0.000000
0.000000
0.000000
0.000000
0.000000
0.124772
0.000000
0.000000
0.000000
0.000000
0.236223
0.000000
0.000000
0.000000
0.000000
0.000000
0.000000
0.000000
0.000000
0.000000
0.000000
0.000000
0.000000
0.000000
0.000000
0.000000
0.000000
0.000000
0.000000
0.000000
0.000000
0.000000
0.000000
0.000000
0.000000
0.000000
0.000000
0.000000
0.000000
0.000000
0.000000
0.366306
0.445900
0.000000
0.436151
0.302900
0.405366
0.292330
0.064574
0.360705
0.112938
0.000000
0.000000
0.395500
0.223861
0.000000
0.000000
0.000000
0.338573
0.314123
0.363035
0.172261
0.000000
0.344379
0.349787
0.417505
0.395564
0.164814
0.000000
0.245951
0.463188
0.000000
0.000000
0.000000
0.000000
0.000000
0.000000
0.000000
0.176908
0.000000
0.369030
0.000000
0.000000
0.000000
0.000000
0.000000
0.000000
0.000000
0.000000
0.000000
0.000000
0.000000
0.000000
0.000000
0.282179
0.000000
0.000000
0.000000
0.000000
0.000000
0.000000
0.756609
0.798188
0.518629
0.792783
0.728029
0.776273
0.723695
0.665167
0.753914
0.671590
0.606161
0.630926
0.771166
0.698850
0.411016
0.630264
0.405887
0.743579
0.732769
0.755031
0.684070
0.651946
0.746240
0.748751
0.782680
0.771200
0.682232
0.601646
0.706236
0.807973
0.399947
0.439104
0.151947
0.000000
0.452173
0.538706
0.432094
0.685255
0.330557
0.757932
0.559135
0.598022
0.376265
0.558148
0.553946
0.606933
0.561463
0.425037
0.513178
0.329554
0.522478
0.648521
0.589829
0.719654
0.153781
0.313731
0.503361
0.459673
0.638160
0.553810
0.515489
0.574783
0.000000
0.567253
0.472543
0.543939
0.465838
0.368399
0.511524
0.379873
0.246377
0.302223
0.536627
0.426219
0.000000
0.300838
0.000000
0.496166
0.479814
0.513170
0.401525
0.343955
0.500146
0.503884
0.553045
0.536675
0.398387
0.235052
0.438224
0.588296
0.000000
0.000000
0.000000
0.000000
0.000000
0.000000
0.000000
0.403540
0.000000
0.517428
0.076833
0.225613
0.000000
0.069279
0.011274
0.248270
0.092257
0.000000
0.000000
0.000000
0.000000
0.337417
0.202902
0.459536
0.000000
0.000000
0.000000
0.000000
0.317047
0.000000
0.544002
0.600487
0.000000
0.593284
0.503494
0.571034
0.497207
0.407342
0.540246
0.417747
0.301514
0.348637
0.564073
0.460295
0.000000
0.347437
0.000000
0.525728
0.510325
0.541805
0.437529
0.385376
0.529486
0.533018
0.579714
0.564118
0.434651
0.292333
0.471434
0.613434
0.000000
0.000000
0.000000
0.000000
0.000000
0.116978
0.000000
0.439379
0.000000
0.545840
0.190033
0.284799
0.000000
0.187107
0.174174
0.303064
0.196776
0.000000
0.000000
0.000000
0.000000
0.379552
0.267168
0.491307
0.000000
0.000000
0.000000
0.000000
0.361563
0.173742
0.000000
0.145744
0.000000
0.112439
0.000000
0.000000
0.000000
0.000000
0.000000
0.000000
0.000000
0.000000
0.000000
0.000000
0.000000
0.000000
0.000000
0.000000
0.000000
0.000000
0.000000
0.000000
0.000000
0.000000
0.000000
0.000000
0.000000
0.000000
0.000000
0.192244
0.000000
0.000000
0.000000
0.000000
0.000000
0.000000
0.000000
0.000000
0.000000
0.000000
0.000000
0.000000
0.000000
0.000000
0.000000
0.000000
0.000000
0.000000
0.000000
0.000000
0.000000
0.000000
0.000000
0.000000
0.000000
0.000000
0.000000
0.000000
0.000000
0.000000
0.342959
0.426928
0.000000
0.416736
0.274206
0.384399
0.262483
0.000000
0.336971
0.000000
0.000000
0.000000
0.373980
0.183179
0.000000
0.000000
0.000000
0.313166
0.286556
0.339463
0.114519
0.000000
0.319434
0.325256
0.397179
0.374048
0.102978
0.000000
0.209601
0.444954
0.000000
0.000000
0.000000
0.000000
0.000000
0.000000
0.000000
0.121397
0.000000
0.345867
0.000000
0.000000
0.000000
0.000000
0.000000
0.000000
0.000000
0.000000
0.000000
0.000000
0.000000
0.000000
0.000000
0.251129
0.000000
0.000000
0.000000
0.000000
0.000000
0.000000
0.308609
0.399858
0.000000
0.388957
0.229799
0.354092
0.215675
0.000000
0.301939
0.000000
0.000000
0.000000
0.342752
0.105703
0.000000
0.000000
0.000000
0.275120
0.244403
0.304719
0.000000
0.000000
0.282235
0.288808
0.367926
0.342827
0.000000
0.000000
0.146803
0.419050
0.000000
0.000000
0.000000
0.000000
0.000000
0.000000
0.000000
0.000000
0.000000
0.311837
0.000000
0.000000
0.000000
0.000000
0.000000
0.000000
0.000000
0.000000
0.000000
0.000000
0.000000
0.000000
0.000000
0.201703
0.000000
0.000000
0.000000
0.000000
0.000000
0.000000
0.000000
0.000000
0.000000
0.000000
0.000000
0.000000
0.000000
0.000000
0.000000
0.000000
0.000000
0.000000
0.000000
0.000000
0.000000
0.000000
0.000000
0.000000
0.000000
0.000000
0.000000
0.000000
0.000000
0.000000
0.000000
0.000000
0.000000
0.000000
0.000000
0.082827
0.000000
0.000000
0.000000
0.000000
0.000000
0.000000
0.000000
0.000000
0.000000
0.000000
0.000000
0.000000
0.000000
0.000000
0.000000
0.000000
0.000000
0.000000
0.000000
0.000000
0.000000
0.000000
0.000000
0.000000
0.000000
0.000000
0.000000
0.000000
0.000000
0.000000
0.000000
0.112811
0.000000
0.064245
0.000000
0.000000
0.000000
0.000000
0.000000
0.000000
0.000000
0.000000
0.000000
0.000000
0.000000
0.000000
0.000000
0.000000
0.000000
0.000000
0.000000
0.000000
0.000000
0.000000
0.000000
0.000000
0.000000
0.000000
0.000000
0.168650
0.000000
0.000000
0.000000
0.000000
0.000000
0.000000
0.000000
0.000000
0.000000
0.000000
0.000000
0.000000
0.000000
0.000000
0.000000
0.000000
0.000000
0.000000
0.000000
0.000000
0.000000
0.000000
0.000000
0.000000
0.000000
0.000000
0.000000
0.000000
0.000000
0.000000
0.320728
0.409284
0.000000
0.398641
0.245834
0.364702
0.232686
0.000000
0.314316
0.000000
0.000000
0.000000
0.353704
0.137113
0.000000
0.000000
0.000000
0.288649
0.259537
0.316987
0.000000
0.000000
0.295438
0.301723
0.378149
0.353776
0.000000
0.000000
0.170816
0.428053
0.000000
0.000000
0.000000
0.000000
0.000000
0.000000
0.000000
0.000000
0.000000
0.323836
0.000000
0.000000
0.000000
0.000000
0.000000
0.000000
0.000000
0.000000
0.000000
0.000000
0.000000
0.000000
0.000000
0.219798
0.000000
0.000000
0.000000
0.000000
0.000000
0.000000
0.259322
0.363173
0.000000
0.351135
0.157531
0.312073
0.136104
0.000000
0.251348
0.000000
0.000000
0.000000
0.299145
0.000000
0.000000
0.000000
0.000000
0.218403
0.178161
0.254681
0.000000
0.000000
0.227299
0.235411
0.327686
0.299231
0.000000
0.000000
0.000000
0.384202
0.000000
0.000000
0.000000
0.000000
0.000000
0.000000
0.000000
0.000000
0.000000
0.263156
0.000000
0.000000
0.000000
0.000000
0.000000
0.000000
0.000000
0.000000
0.000000
0.000000
0.000000
0.000000
0.000000
0.112662
0.000000
0.000000
0.000000
0.000000
0.000000
0.000000
0.213354
0.331913
0.000000
0.318697
0.055569
0.275066
0.000000
0.000000
0.203588
0.000000
0.000000
0.000000
0.260307
0.000000
0.000000
0.000000
0.000000
0.161157
0.100065
0.207688
0.000000
0.000000
0.173022
0.183549
0.292660
0.260405
0.000000
0.000000
0.000000
0.354800
0.000000
0.000000
0.000000
0.000000
0.000000
0.000000
0.000000
0.000000
0.000000
0.217998
0.000000
0.000000
0.000000
0.000000
0.000000
0.000000
0.000000
0.000000
0.000000
0.000000
0.000000
0.000000
0.000000
0.000000
0.000000
0.000000
0.000000
0.000000
0.000000
0.000000
0.000000
0.000000
0.000000
0.000000
0.000000
0.000000
0.000000
0.000000
0.000000
0.000000
0.000000
0.000000
0.000000
0.000000
0.000000
0.000000
0.000000
0.000000
0.000000
0.000000
0.000000
0.000000
0.000000
0.000000
0.000000
0.000000
0.000000
0.000000
0.000000
0.000000
0.000000
0.000000
0.000000
0.000000
0.000000
0.000000
0.000000
0.000000
0.000000
0.000000
0.000000
0.000000
0.000000
0.000000
0.000000
0.000000
0.000000
0.000000
0.000000
0.000000
0.000000
0.000000
0.000000
0.000000
0.000000
0.000000
0.000000
0.000000
0.000000
0.000000
0.698806
0.743624
0.429940
0.737820
0.667756
0.720050
0.663029
0.598598
0.695887
0.605727
0.532263
0.560304
0.714542
0.635818
0.291217
0.559558
0.283931
0.684677
0.672922
0.697097
0.619535
0.583872
0.687566
0.690291
0.726953
0.714578
0.617506
0.527116
0.643927
0.754118
0.275373
0.329674
0.000000
0.000000
0.346891
0.453956
0.320278
0.620844
0.158557
0.700238
0.478022
0.522975
0.239683
0.476866
0.471942
0.533142
0.480742
0.310692
0.423350
0.156456
0.434575
0.580045
0.513587
0.658616
0.000000
0.119583
0.411394
0.356612
0.568437
0.471783
0.115431
0.279233
0.000000
0.263386
0.000000
0.208485
0.000000
0.000000
0.096190
0.000000
0.000000
0.000000
0.188585
0.000000
0.000000
0.000000
0.000000
0.000000
0.000000
0.104588
0.000000
0.000000
0.000000
0.038665
0.231202
0.188720
0.000000
0.000000
0.000000
0.306085
0.000000
0.000000
0.000000
0.000000
0.000000
0.000000
0.000000
0.000000
0.000000
0.123804
0.000000
0.000000
0.000000
0.000000
0.000000
0.000000
0.000000
0.000000
0.000000
0.000000
0.000000
0.000000
0.000000
0.000000
0.000000
0.000000
0.000000
0.000000
0.000000
0.000000
0.401629
0.475345
0.000000
0.466212
0.344781
0.437547
0.335533
0.176906
0.396528
0.199702
0.000000
0.000000
0.428423
0.277921
0.000000
0.000000
0.000000
0.376507
0.354682
0.398648
0.238327
0.117824
0.381737
0.386622
0.448817
0.428482
0.233001
0.000000
0.296003
0.491599
0.000000
0.000000
0.000000
0.000000
0.000000
0.000000
0.000000
0.241707
0.000000
0.404116
0.000000
0.000000
0.000000
0.000000
0.000000
0.000000
0.000000
0.000000
0.000000
0.000000
0.000000
0.097097
0.000000
0.326728
0.000000
0.000000
0.000000
0.000000
0.000000
0.000000
0.259551
0.363337
0.000000
0.351304
0.157908
0.312263
0.136541
0.000000
0.251585
0.000000
0.000000
0.000000
0.299344
0.000000
0.000000
0.000000
0.000000
0.218675
0.178494
0.254914
0.000000
0.000000
0.227561
0.235664
0.327867
0.299429
0.000000
0.000000
0.000000
0.384357
0.000000
0.000000
0.000000
0.000000
0.000000
0.000000
0.000000
0.000000
0.000000
0.263382
0.000000
0.000000
0.000000
0.000000
0.000000
0.000000
0.000000
0.000000
0.000000
0.000000
0.000000
0.000000
0.000000
0.113189
0.000000
0.000000
0.000000
0.000000
0.000000
0.000000
0.098397
0.272633
0.000000
0.256378
0.000000
0.199558
0.000000
0.000000
0.074900
0.000000
0.000000
0.000000
0.178666
0.000000
0.000000
0.000000
0.000000
0.000000
0.000000
0.085418
0.000000
0.000000
0.000000
0.000000
0.223186
0.178810
0.000000
0.000000
0.000000
0.300075
0.000000
0.000000
0.000000
0.000000
0.000000
0.000000
0.000000
0.000000
0.000000
0.108098
0.000000
0.000000
0.000000
0.000000
0.000000
0.000000
0.000000
0.000000
0.000000
0.000000
0.000000
0.000000
0.000000
0.000000
0.000000
0.000000
0.000000
0.000000
0.000000
0.000000
0.407877
0.480635
0.000000
0.471605
0.352039
0.443289
0.342987
0.190665
0.402854
0.211987
0.000000
0.000000
0.434285
0.286875
0.000000
0.000000
0.000000
0.383165
0.361741
0.404942
0.248711
0.137622
0.388305
0.393108
0.454416
0.434344
0.243612
0.000000
0.304426
0.496716
0.000000
0.000000
0.000000
0.000000
0.000000
0.000000
0.000000
0.251952
0.000000
0.410325
0.000000
0.000000
0.000000
0.000000
0.000000
0.000000
0.000000
0.000000
0.000000
0.000000
0.000000
0.120354
0.000000
0.334377
0.000000
0.000000
0.000000
0.000000
0.033962
0.000000
0.289831
0.385550
0.000000
0.374232
0.203887
0.337851
0.187825
0.000000
0.282719
0.000000
0.000000
0.000000
0.325947
0.000000
0.000000
0.000000
0.000000
0.253877
0.220216
0.285685
0.000000
0.000000
0.261570
0.268649
0.352324
0.326026
0.000000
0.000000
0.101555
0.405420
0.000000
0.000000
0.000000
0.000000
0.000000
0.000000
0.000000
0.000000
0.000000
0.293266
0.000000
0.000000
0.000000
0.000000
0.000000
0.000000
0.000000
0.000000
0.000000
0.000000
0.000000
0.000000
0.000000
0.171600
0.000000
0.000000
0.000000
0.000000
0.000000
0.000000
0.558721
0.613854
0.093207
0.606809
0.519363
0.585074
0.513270
0.426801
0.555065
0.436743
0.327326
0.371187
0.578281
0.477602
0.000000
0.370060
0.000000
0.540945
0.525987
0.556582
0.455701
0.405889
0.544598
0.548033
0.593548
0.578326
0.452938
0.318889
0.488345
0.626524
0.000000
0.000000
0.000000
0.000000
0.000000
0.172961
0.000000
0.457478
0.000000
0.560511
0.228788
0.311997
0.000000
0.226364
0.215796
0.328754
0.234419
0.000000
0.055352
0.000000
0.112671
0.400364
0.295990
0.507557
0.000000
0.000000
0.000000
0.000000
0.383353
0.215448
0.333167
0.419103
0.000000
0.408715
0.261856
0.375688
0.249553
0.000000
0.326999
0.000000
0.000000
0.000000
0.365021
0.164116
0.000000
0.000000
0.000000
0.302410
0.274761
0.329567
0.080585
0.000000
0.308897
0.314914
0.388755
0.365091
0.063117
0.000000
0.193163
0.437451
0.000000
0.000000
0.000000
0.000000
0.000000
0.000000
0.000000
0.090092
0.000000
0.336160
0.000000
0.000000
0.000000
0.000000
0.000000
0.000000
0.000000
0.000000
0.000000
0.000000
0.000000
0.000000
0.000000
0.237582
0.000000
0.000000
0.000000
0.000000
0.000000
0.000000
0.000000
0.000000
0.000000
0.000000
0.000000
0.000000
0.000000
0.000000
0.000000
0.000000
0.000000
0.000000
0.000000
0.000000
0.000000
0.000000
0.000000
0.000000
0.000000
0.000000
0.000000
0.000000
0.000000
0.000000
0.000000
0.000000
0.000000
0.000000
0.000000
0.022350
0.000000
0.000000
0.000000
0.000000
0.000000
0.000000
0.000000
0.000000
0.000000
0.000000
0.000000
0.000000
0.000000
0.000000
0.000000
0.000000
0.000000
0.000000
0.000000
0.000000
0.000000
0.000000
0.000000
0.000000
0.000000
0.000000
0.000000
0.000000
0.000000
0.000000
0.000000
0.198095
0.000000
0.175051
0.000000
0.068821
0.000000
0.000000
0.000000
0.000000
0.000000
0.000000
0.000000
0.000000
0.000000
0.000000
0.000000
0.000000
0.000000
0.000000
0.000000
0.000000
0.000000
0.000000
0.121346
0.000000
0.000000
0.000000
0.000000
0.234432
0.000000
0.000000
0.000000
0.000000
0.000000
0.000000
0.000000
0.000000
0.000000
0.000000
0.000000
0.000000
0.000000
0.000000
0.000000
0.000000
0.000000
0.000000
0.000000
0.000000
0.000000
0.000000
0.000000
0.000000
0.000000
0.000000
0.000000
0.000000
0.000000
0.000000
0.422624
0.493212
0.000000
0.484416
0.369024
0.456894
0.360399
0.220455
0.417779
0.239135
0.000000
0.064969
0.448164
0.307481
0.000000
0.058186
0.000000
0.398826
0.378291
0.419792
0.272221
0.176599
0.403767
0.408389
0.467698
0.448221
0.267571
0.000000
0.323917
0.508895
0.000000
0.000000
0.000000
0.000000
0.000000
0.000000
0.000000
0.275186
0.000000
0.424987
0.000000
0.000000
0.000000
0.000000
0.000000
0.000000
0.000000
0.000000
0.000000
0.000000
0.000000
0.163501
0.000000
0.352215
0.000000
0.000000
0.000000
0.000000
0.115762
0.000000
0.000000
0.163666
0.000000
0.134862
0.000000
0.000000
0.000000
0.000000
0.000000
0.000000
0.000000
0.000000
0.000000
0.000000
0.000000
0.000000
0.000000
0.000000
0.000000
0.000000
0.000000
0.000000
0.000000
0.000000
0.047644
0.000000
0.000000
0.000000
0.000000
0.206163
0.000000
0.000000
0.000000
0.000000
0.000000
0.000000
0.000000
0.000000
0.000000
0.000000
0.000000
0.000000
0.000000
0.000000
0.000000
0.000000
0.000000
0.000000
0.000000
0.000000
0.000000
0.000000
0.000000
0.000000
0.000000
0.000000
0.000000
0.000000
0.000000
0.000000
0.307390
0.398918
0.000000
0.387990
0.228159
0.353030
0.213928
0.000000
0.300694
0.000000
0.000000
0.000000
0.341655
0.102090
0.000000
0.000000
0.000000
0.273752
0.242862
0.303485
0.000000
0.000000
0.280901
0.287505
0.366904
0.341730
0.000000
0.000000
0.144223
0.418153
0.000000
0.000000
0.000000
0.000000
0.000000
0.000000
0.000000
0.000000
0.000000
0.310631
0.000000
0.000000
0.000000
0.000000
0.000000
0.000000
0.000000
0.000000
0.000000
0.000000
0.000000
0.000000
0.000000
0.199833
0.000000
0.000000
0.000000
0.000000
0.000000
0.000000
0.449258
0.516216
0.000000
0.507819
0.399250
0.481637
0.391291
0.267996
0.444703
0.283562
0.000000
0.165658
0.473363
0.343171
0.000000
0.163117
0.000000
0.426948
0.407831
0.446595
0.311971
0.233257
0.431566
0.435893
0.491897
0.473417
0.307922
0.000000
0.357972
0.531221
0.000000
0.000000
0.000000
0.000000
0.000000
0.000000
0.000000
0.314561
0.000000
0.451482
0.000000
0.000000
0.000000
0.000000
0.000000
0.000000
0.000000
0.000000
0.000000
0.000000
0.000000
0.223504
0.000000
0.383767
0.000000
0.000000
0.000000
0.000000
0.191370
0.000000
0.000000
0.000000
0.000000
0.000000
0.000000
0.000000
0.000000
0.000000
0.000000
0.000000
0.000000
0.000000
0.000000
0.000000
0.000000
0.000000
0.000000
0.000000
0.000000
0.000000
0.000000
0.000000
0.000000
0.000000
0.000000
0.000000
0.000000
0.000000
0.000000
0.000000
0.000000
0.000000
0.000000
0.000000
0.000000
0.000000
0.000000
0.000000
0.000000
0.000000
0.000000
0.000000
0.000000
0.000000
0.000000
0.000000
0.000000
0.000000
0.000000
0.000000
0.000000
0.000000
0.000000
0.000000
0.000000
0.000000
0.000000
0.000000
0.000000
0.000000
0.139565
0.290044
0.000000
0.274821
0.000000
0.222755
0.000000
0.000000
0.124123
0.000000
0.000000
0.000000
0.204250
0.000000
0.000000
0.000000
0.000000
0.000000
0.000000
0.130739
0.000000
0.000000
0.062414
0.087459
0.244149
0.204376
0.000000
0.000000
0.000000
0.315978
0.000000
0.000000
0.000000
0.000000
0.000000
0.000000
0.000000
0.000000
0.000000
0.146566
0.000000
0.000000
0.000000
0.000000
0.000000
0.000000
0.000000
0.000000
0.000000
0.000000
0.000000
0.000000
0.000000
0.000000
0.000000
0.000000
0.000000
0.000000
0.000000
0.000000
0.113106
0.278280
0.000000
0.262376
0.000000
0.207207
0.000000
0.000000
0.093387
0.000000
0.000000
0.000000
0.187171
0.000000
0.000000
0.000000
0.000000
0.000000
0.000000
0.102017
0.000000
0.000000
0.000000
0.031043
0.230050
0.187307
0.000000
0.000000
0.000000
0.305215
0.000000
0.000000
0.000000
0.000000
0.000000
0.000000
0.000000
0.000000
0.000000
0.121640
0.000000
0.000000
0.000000
0.000000
0.000000
0.000000
0.000000
0.000000
0.000000
0.000000
0.000000
0.000000
0.000000
0.000000
0.000000
0.000000
0.000000
0.000000
0.000000
0.000000
0.000000
0.041010
0.000000
0.000000
0.000000
0.000000
0.000000
0.000000
0.000000
0.000000
0.000000
0.000000
0.000000
0.000000
0.000000
0.000000
0.000000
0.000000
0.000000
0.000000
0.000000
0.000000
0.000000
0.000000
0.000000
0.000000
0.000000
0.000000
0.000000
0.131903
0.000000
0.000000
0.000000
0.000000
0.000000
0.000000
0.000000
0.000000
0.000000
0.000000
0.000000
0.000000
0.000000
0.000000
0.000000
0.000000
0.000000
0.000000
0.000000
0.000000
0.000000
0.000000
0.000000
0.000000
0.000000
0.000000
0.000000
0.000000
0.000000
0.000000
0.000000
0.000000
0.000000
0.000000
0.000000
0.000000
0.000000
0.000000
0.000000
0.000000
0.000000
0.000000
0.000000
0.000000
0.000000
0.000000
0.000000
0.000000
0.000000
0.000000
0.000000
0.000000
0.000000
0.000000
0.000000
0.000000
0.000000
0.000000
0.000000
0.091383
0.000000
0.000000
0.000000
0.000000
0.000000
0.000000
0.000000
0.000000
0.000000
0.000000
0.000000
0.000000
0.000000
0.000000
0.000000
0.000000
0.000000
0.000000
0.000000
0.000000
0.000000
0.000000
0.000000
0.000000
0.000000
0.000000
0.000000
0.000000
0.000000
0.000000
0.542509
0.599135
0.000000
0.591915
0.501880
0.569611
0.495572
0.405346
0.538743
0.415801
0.298812
0.346303
0.562632
0.458529
0.000000
0.345095
0.000000
0.524182
0.508733
0.540305
0.435671
0.383265
0.527951
0.531494
0.578313
0.562678
0.432780
0.289545
0.469710
0.612110
0.000000
0.000000
0.000000
0.000000
0.000000
0.109825
0.000000
0.437529
0.000000
0.544352
0.185715
0.281937
0.000000
0.182720
0.169452
0.300375
0.192609
0.000000
0.000000
0.000000
0.000000
0.377409
0.264114
0.489653
0.000000
0.000000
0.000000
0.000000
0.359312
0.169009
0.000000
0.105724
0.000000
0.050781
0.000000
0.000000
0.000000
0.000000
0.000000
0.000000
0.000000
0.000000
0.000000
0.000000
0.000000
0.000000
0.000000
0.000000
0.000000
0.000000
0.000000
0.000000
0.000000
0.000000
0.000000
0.000000
0.000000
0.000000
0.000000
0.163995
0.000000
0.000000
0.000000
0.000000
0.000000
0.000000
0.000000
0.000000
0.000000
0.000000
0.000000
0.000000
0.000000
0.000000
0.000000
0.000000
0.000000
0.000000
0.000000
0.000000
0.000000
0.000000
0.000000
0.000000
0.000000
0.000000
0.000000
0.000000
0.000000
0.000000
0.000000
0.101578
0.000000
0.041464
0.000000
0.000000
0.000000
0.000000
0.000000
0.000000
0.000000
0.000000
0.000000
0.000000
0.000000
0.000000
0.000000
0.000000
0.000000
0.000000
0.000000
0.000000
0.000000
0.000000
0.000000
0.000000
0.000000
0.000000
0.000000
0.161353
0.000000
0.000000
0.000000
0.000000
0.000000
0.000000
0.000000
0.000000
0.000000
0.000000
0.000000
0.000000
0.000000
0.000000
0.000000
0.000000
0.000000
0.000000
0.000000
0.000000
0.000000
0.000000
0.000000
0.000000
0.000000
0.000000
0.000000
0.000000
0.000000
0.000000
0.000000
0.196538
0.000000
0.173287
0.000000
0.064202
0.000000
0.000000
0.000000
0.000000
0.000000
0.000000
0.000000
0.000000
0.000000
0.000000
0.000000
0.000000
0.000000
0.000000
0.000000
0.000000
0.000000
0.000000
0.118788
0.000000
0.000000
0.000000
0.000000
0.233118
0.000000
0.000000
0.000000
0.000000
0.000000
0.000000
0.000000
0.000000
0.000000
0.000000
0.000000
0.000000
0.000000
0.000000
0.000000
0.000000
0.000000
0.000000
0.000000
0.000000
0.000000
0.000000
0.000000
0.000000
0.000000
0.000000
0.000000
0.000000
0.000000
0.000000
0.567453
0.621812
0.136091
0.614858
0.528745
0.593417
0.522761
0.438169
0.563854
0.447859
0.342017
0.384204
0.586722
0.487787
0.000000
0.383116
0.000000
0.549959
0.535253
0.565347
0.466365
0.417827
0.553552
0.556932
0.601775
0.586766
0.463666
0.333952
0.498312
0.634323
0.000000
0.000000
0.000000
0.000000
0.000000
0.199371
0.000000
0.468102
0.000000
0.569215
0.249354
0.327377
0.000000
0.247131
0.237490
0.343384
0.254530
0.000000
0.113566
0.000000
0.150094
0.412461
0.312159
0.517153
0.000000
0.000000
0.054012
0.000000
0.395971
0.237173
0.000000
0.000000
0.000000
0.000000
0.000000
0.000000
0.000000
0.000000
0.000000
0.000000
0.000000
0.000000
0.000000
0.000000
0.000000
0.000000
0.000000
0.000000
0.000000
0.000000
0.000000
0.000000
0.000000
0.000000
0.000000
0.000000
0.000000
0.000000
0.000000
0.000000
0.000000
0.000000
0.000000
0.000000
0.000000
0.000000
0.000000
0.000000
0.000000
0.000000
0.000000
0.000000
0.000000
0.000000
0.000000
0.000000
0.000000
0.000000
0.000000
0.000000
0.000000
0.000000
0.000000
0.000000
0.000000
0.000000
0.000000
0.000000
0.000000
0.000000
0.000000
0.000000
0.000000
0.000000
0.000000
0.000000
0.000000
0.000000
0.000000
0.000000
0.000000
0.000000
0.000000
0.000000
0.000000
0.000000
0.000000
0.000000
0.000000
0.000000
0.000000
0.000000
0.000000
0.000000
0.000000
0.000000
0.000000
0.000000
0.000000
0.000000
0.000000
0.000000
0.000000
0.000000
0.000000
0.000000
0.000000
0.000000
0.000000
0.000000
0.000000
0.000000
0.000000
0.000000
0.000000
0.000000
0.000000
0.000000
0.000000
0.000000
0.000000
0.000000
0.000000
0.000000
0.000000
0.000000
0.000000
0.000000
0.000000
0.000000
0.226823
0.340728
0.000000
0.327867
0.094958
0.285640
0.052205
0.000000
0.217662
0.000000
0.000000
0.000000
0.271456
0.000000
0.000000
0.000000
0.000000
0.178607
0.126262
0.221502
0.000000
0.000000
0.189383
0.199046
0.302620
0.271551
0.000000
0.000000
0.000000
0.363060
0.000000
0.000000
0.000000
0.000000
0.000000
0.000000
0.000000
0.000000
0.000000
0.231197
0.000000
0.000000
0.000000
0.000000
0.000000
0.000000
0.000000
0.000000
0.000000
0.000000
0.000000
0.000000
0.000000
0.000000
0.000000
0.000000
0.000000
0.000000
0.000000
0.000000
0.498766
0.559834
0.000000
0.552101
0.454241
0.528118
0.447262
0.344611
0.494667
0.356850
0.209141
0.272722
0.520583
0.405833
0.000000
0.271186
0.000000
0.478768
0.461801
0.496368
0.379817
0.318345
0.482891
0.486762
0.537492
0.520632
0.376498
0.195673
0.418424
0.573699
0.000000
0.000000
0.000000
0.000000
0.000000
0.000000
0.000000
0.381947
0.000000
0.500770
0.000000
0.184228
0.000000
0.000000
0.000000
0.211368
0.000000
0.000000
0.000000
0.000000
0.000000
0.311270
0.155588
0.440695
0.000000
0.000000
0.000000
0.000000
0.289062
0.000000
0.311502
0.402095
0.000000
0.391256
0.233670
0.356616
0.219795
0.000000
0.304896
0.000000
0.000000
0.000000
0.345360
0.113873
0.000000
0.000000
0.000000
0.278362
0.248046
0.307649
0.000000
0.000000
0.285395
0.291897
0.370356
0.345434
0.000000
0.000000
0.152791
0.421185
0.000000
0.000000
0.000000
0.000000
0.000000
0.000000
0.000000
0.000000
0.000000
0.314701
0.000000
0.000000
0.000000
0.000000
0.000000
0.000000
0.000000
0.000000
0.000000
0.000000
0.000000
0.000000
0.000000
0.206102
0.000000
0.000000
0.000000
0.000000
0.000000
0.000000
0.100048
0.273233
0.000000
0.257016
0.000000
0.200377
0.000000
0.000000
0.077056
0.000000
0.000000
0.000000
0.179581
0.000000
0.000000
0.000000
0.000000
0.000000
0.000000
0.087315
0.000000
0.000000
0.000000
0.000000
0.223919
0.179724
0.000000
0.000000
0.000000
0.300621
0.000000
0.000000
0.000000
0.000000
0.000000
0.000000
0.000000
0.000000
0.000000
0.109602
0.000000
0.000000
0.000000
0.000000
0.000000
0.000000
0.000000
0.000000
0.000000
0.000000
0.000000
0.000000
0.000000
0.000000
0.000000
0.000000
0.000000
0.000000
0.000000
0.000000
0.000000
0.202913
0.000000
0.180485
0.000000
0.081661
0.000000
0.000000
0.000000
0.000000
0.000000
0.000000
0.000000
0.000000
0.000000
0.000000
0.000000
0.000000
0.000000
0.000000
0.000000
0.000000
0.000000
0.000000
0.129063
0.000000
0.000000
0.000000
0.000000
0.238517
0.000000
0.000000
0.000000
0.000000
0.000000
0.000000
0.000000
0.000000
0.000000
0.000000
0.000000
0.000000
0.000000
0.000000
0.000000
0.000000
0.000000
0.000000
0.000000
0.000000
0.000000
0.000000
0.000000
0.000000
0.000000
0.000000
0.000000
0.000000
0.000000
0.000000
0.393061
0.468127
0.000000
0.458851
0.334761
0.429695
0.325228
0.156480
0.387846
0.181856
0.000000
0.000000
0.420400
0.265387
0.000000
0.000000
0.000000
0.367353
0.344949
0.390014
0.223585
0.084101
0.372711
0.377713
0.441165
0.420461
0.217899
0.000000
0.284268
0.484623
0.000000
0.000000
0.000000
0.000000
0.000000
0.000000
0.000000
0.227185
0.000000
0.395600
0.000000
0.000000
0.000000
0.000000
0.000000
0.000000
0.000000
0.000000
0.000000
0.000000
0.000000
0.051169
0.000000
0.316135
0.000000
0.000000
0.000000
0.000000
0.000000
0.000000
0.620089
0.670192
0.284655
0.663746
0.584875
0.643935
0.579471
0.504480
0.616797
0.512919
0.423655
0.458389
0.637770
0.548128
0.000000
0.457477
0.000000
0.604121
0.590766
0.618163
0.529154
0.486916
0.607394
0.610476
0.651645
0.637810
0.526777
0.417171
0.557514
0.681817
0.000000
0.069752
0.000000
0.000000
0.128505
0.319776
0.000000
0.530685
0.000000
0.621702
0.353108
0.411926
0.000000
0.351542
0.344832
0.424759
0.356782
0.000000
0.274600
0.000000
0.291609
0.482320
0.399939
0.574417
0.000000
0.000000
0.255783
0.152814
0.468295
0.344614
0.287884
0.384089
0.000000
0.372727
0.201111
0.336183
0.184808
0.000000
0.280723
0.000000
0.000000
0.000000
0.324218
0.000000
0.000000
0.000000
0.000000
0.251653
0.217648
0.283711
0.000000
0.000000
0.259412
0.266548
0.350724
0.324297
0.000000
0.000000
0.095859
0.404031
0.000000
0.000000
0.000000
0.000000
0.000000
0.000000
0.000000
0.000000
0.000000
0.291343
0.000000
0.000000
0.000000
0.000000
0.000000
0.000000
0.000000
0.000000
0.000000
0.000000
0.000000
0.000000
0.000000
0.168292
0.000000
0.000000
0.000000
0.000000
0.000000
0.000000
0.053340
0.259792
0.000000
0.242679
0.000000
0.181622
0.000000
0.000000
0.000000
0.000000
0.000000
0.000000
0.158382
0.000000
0.000000
0.000000
0.000000
0.000000
0.000000
0.021434
0.000000
0.000000
0.000000
0.000000
0.207305
0.158544
0.000000
0.000000
0.000000
0.288459
0.000000
0.000000
0.000000
0.000000
0.000000
0.000000
0.000000
0.000000
0.000000
0.069630
0.000000
0.000000
0.000000
0.000000
0.000000
0.000000
0.000000
0.000000
0.000000
0.000000
0.000000
0.000000
0.000000
0.000000
0.000000
0.000000
0.000000
0.000000
0.000000
0.000000
