-0.175474	 -0.084382
-0.191701	 -0.087660
-0.080846	 -0.245838
-0.243257	 -0.080372
-0.209506	 -0.168349
-0.171716	 -0.143105
-0.114207	 -0.224386
-0.197538	 -0.138865
-0.241558	 -0.229033
-0.211941	 -0.248633
-0.186890	 -0.245301
-0.249797	 -0.238904
-0.163461	 -0.210383
-0.218202	 -0.209992
-0.245534	 -0.191595
-0.232584	 -0.174317
-0.108396	 -0.187883
-0.233116	 -0.173781
-0.232166	 -0.172934
-0.239129	 -0.226387
-0.235935	 -0.179303
-0.184140	 -0.204915
-0.059991	 -0.091405
-0.192305	 -0.218338
-0.141454	 -0.246136
-0.240744	 -0.088773
-0.241412	 -0.212006
-0.228122	 -0.223849
-0.205745	 -0.195019
-0.233614	 -0.239662
-0.243626	 -0.140258
-0.237660	 -0.208443
-0.096692	 -0.204415
-0.220005	 -0.229468
-0.207348	 -0.223445
-0.191293	 -0.192566
-0.202730	 -0.173826
-0.188047	 -0.087583
-0.218778	 -0.196256
-0.246562	 -0.189874
-0.254905	 -0.248389
-0.160111	 -0.138003
-0.139418	 -0.208503
-0.160000	 -0.137079
-0.218071	 -0.105584
-0.230216	 -0.225563
-0.222163	 -0.128930
-0.211042	 -0.129740
-0.233275	 -0.184280
-0.203805	 -0.200034
-0.193236	 -0.208901
-0.152464	 -0.166845
-0.025169	 0.144269
-0.313097	 -0.050615
-0.043777	 -0.040501
-0.257508	 -0.147421
-0.217107	 -0.102153
-0.227411	 -0.205365
-0.202179	 -0.199230
-0.202429	 -0.212778
-0.240762	 -0.242428
-0.242831	 -0.189260
-0.189427	 -0.226367
-0.236086	 -0.216653
-0.243318	 -0.233329
-0.167059	 -0.078836
-0.104795	 -0.191480
-0.086164	 -0.235704
-0.063451	 -0.103567
-0.252859	 -0.139238
-0.219101	 -0.033067
-0.212942	 -0.137120
-0.232519	 -0.254024
-0.055758	 -0.144588
-0.063076	 -0.228347
-0.234442	 -0.131288
-0.203445	 -0.231179
-0.233264	 -0.202622
-0.145622	 -0.210350
-0.191343	 -0.221454
-0.081244	 -0.209119
-0.226062	 -0.208456
-0.163451	 -0.212341
-0.221405	 -0.121996
-0.173674	 -0.104439
-0.234870	 -0.182721
-0.109780	 -0.093364
-0.218424	 -0.069778
-0.177614	 -0.236326
-0.143060	 -0.241115
-0.237068	 -0.262374
-0.117550	 -0.222689
-0.123309	 -0.205813
-0.126682	 -0.242091
-0.307008	 -0.219591
-0.224272	 -0.260851
-0.170617	 -0.217677
-0.211385	 -0.195935
-0.222449	 -0.175045
-0.139164	 -0.145766
-0.205788	 -0.159973
-0.219965	 -0.120476
-0.211308	 -0.235687
-0.254711	 -0.216532
-0.234529	 -0.217010
-0.107593	 -0.184475
-0.213438	 -0.176774
-0.185778	 -0.190000
-0.180780	 -0.245906
-0.206132	 -0.167568
-0.114375	 -0.201373
-0.193143	 -0.044385
-0.192541	 -0.230717
-0.233120	 -0.237893
-0.141651	 -0.094307
-0.170016	 -0.057036
-0.142642	 -0.107755
-0.171444	 -0.163221
-0.231852	 -0.250471
-0.182304	 -0.095416
-0.242068	 -0.224624
-0.200559	 -0.184751
-0.234491	 -0.193522
-0.236972	 -0.118768
-0.229015	 -0.211653
-0.232412	 -0.061193
-0.231627	 -0.075774
-0.186143	 -0.231519
-0.106083	 -0.238087
-0.185312	 -0.239414
-0.232929	 -0.234006
-0.154894	 -0.205628
-0.083664	 -0.093868
-0.036392	 -0.171581
-0.157562	 -0.140743
-0.195202	 -0.219203
-0.100861	 -0.226948
-0.143118	 -0.209042
-0.194757	 -0.180126
-0.236725	 -0.226710
-0.220111	 -0.244658
-0.171512	 -0.219093
-0.101348	 -0.238043
-0.220080	 -0.176712
-0.211862	 -0.195060
-0.241908	 -0.078261
-0.223781	 -0.227111
-0.225613	 -0.078205
-0.088032	 -0.205457
-0.220783	 -0.109997
-0.143807	 -0.158265
-0.246489	 -0.218044
-0.207977	 -0.249607
-0.242795	 -0.243776
-0.207715	 -0.181845
-0.011576	 -0.093170
-0.283435	 -0.268945
-0.063563	 -0.227821
-0.088420	 -0.128282
-0.233499	 -0.143036
-0.168172	 -0.051701
-0.235719	 -0.228098
-0.104908	 -0.206110
-0.202277	 -0.210333
-0.168481	 -0.245359
-0.112334	 -0.193796
-0.115401	 -0.177741
-0.212586	 -0.083063
-0.074668	 -0.245058
-0.187698	 -0.239557
-0.106699	 -0.096478
-0.159745	 -0.229820
-0.111992	 -0.215464
-0.092032	 -0.192350
-0.118221	 -0.148331
-0.162015	 -0.026220
-0.049953	 -0.210394
-0.082087	 -0.141966
-0.130834	 -0.186930
-0.220742	 -0.154677
0.075533	 -0.230150
-0.255644	 -0.165082
-0.145345	 -0.227789
-0.154943	 -0.134028
-0.100336	 -0.181732
-0.208018	 -0.144753
-0.167353	 -0.229053
-0.151219	 -0.166591
-0.167581	 -0.106497
-0.130698	 -0.246818
-0.187567	 -0.263221
-0.232769	 -0.123402
-0.166303	 -0.210253
-0.219620	 -0.234649
-0.229548	 -0.215793
-0.055197	 -0.064714
-0.078426	 -0.237956
-0.128826	 -0.235869
-0.244835	 -0.160738
-0.229040	 -0.143002
-0.226335	 -0.253040
-0.153038	 -0.150618
-0.061849	 -0.104034
-0.237124	 -0.078336
-0.197925	 -0.145665
-0.248103	 -0.231337
-0.208491	 -0.139455
-0.125091	 -0.069677
-0.195841	 -0.226406
-0.140416	 -0.086900
-0.152316	 -0.150171
-0.100991	 -0.099525
-0.117620	 -0.102640
-0.113058	 -0.215117
-0.225856	 -0.227679
-0.203251	 -0.078234
-0.051360	 -0.234046
-0.148469	 -0.217682
-0.158397	 -0.109735
-0.080256	 -0.081078
-0.256090	 -0.204641
-0.056783	 -0.013702
-0.137742	 -0.113113
-0.235574	 -0.235819
-0.194292	 -0.237644
-0.228530	 -0.247154
-0.071207	 -0.230569
-0.140528	 -0.224326
-0.120051	 -0.137593
-0.068227	 -0.224840
-0.129233	 -0.164972
-0.102351	 -0.144335
-0.258076	 -0.167376
-0.242057	 -0.186904
-0.229458	 -0.224407
-0.180088	 -0.138776
-0.135529	 -0.139472
-0.230297	 -0.162679
-0.207741	 -0.174702
-0.220116	 -0.226207
-0.154093	 -0.252224
-0.207682	 -0.175600
-0.060368	 -0.122913
-0.223965	 -0.170413
-0.236907	 -0.007293
-0.249850	 -0.159831
-0.215425	 -0.107427
-0.242317	 -0.345771
-0.046022	 0.050041
-0.045959	 -0.006196
-0.235394	 0.075002
-0.213994	 -0.156438
-0.052134	 -0.160714
-0.092475	 -0.195103
-0.186251	 -0.235671
-0.104701	 -0.228841
-0.159021	 -0.196302
-0.234214	 -0.153853
-0.168011	 -0.142703
-0.224147	 -0.237206
-0.161109	 -0.139503
-0.208183	 -0.213668
-0.139934	 -0.262050
-0.143839	 -0.128429
-0.098887	 -0.240711
-0.230441	 -0.240701
-0.236740	 -0.131833
-0.231734	 -0.228449
-0.186941	 -0.147900
-0.123335	 -0.224718
0.761014	 0.486045
0.750795	 1.271129
1.277504	 0.950977
1.002286	 1.278137
1.121700	 1.187713
0.788482	 1.216096
1.244985	 1.071448
0.766545	 1.220102
0.958815	 1.006988
1.137076	 0.987034
1.164712	 1.077206
0.990629	 1.054798
1.191798	 1.136134
0.913710	 1.134123
0.982867	 1.155815
1.000947	 1.181588
0.560545	 1.170623
1.045499	 1.185252
1.104629	 0.732362
1.086805	 1.091090
1.008899	 1.170549
0.695800	 1.140445
0.417771	 1.267606
0.860290	 0.840738
1.215553	 1.080941
1.076848	 1.269699
1.030904	 1.124541
1.015999	 0.991967
1.148507	 1.160342
0.915291	 0.973253
1.070564	 1.220948
0.998810	 0.900064
1.261959	 1.143380
1.124076	 1.086908
0.873236	 0.907385
0.793292	 1.162516
0.821114	 1.182948
1.156205	 0.528952
1.091616	 1.151256
1.092599	 1.166135
1.015207	 1.084734
1.198148	 0.679018
1.220042	 0.831202
0.714136	 1.220875
1.101565	 1.253714
1.108771	 0.977416
1.103332	 0.651000
1.102820	 1.230956
1.087549	 1.172384
1.146871	 1.154464
1.151684	 0.405524
0.759435	 0.735345
0.366713	 -0.060177
1.048233	 1.306527
1.313068	 1.316126
0.901423	 0.669512
1.130771	 1.256915
1.084466	 1.141113
1.147859	 1.149354
1.143079	 1.123244
1.014292	 1.059178
0.961834	 1.150367
1.153930	 0.945551
0.928763	 1.140821
0.967873	 1.004842
0.767993	 1.279733
0.401048	 1.161937
0.452048	 1.009871
1.294385	 1.255812
0.921828	 1.219349
1.098030	 0.396371
1.120867	 1.221159
1.062753	 0.931258
1.301538	 1.214944
0.418423	 1.100672
1.104359	 1.227320
1.133270	 1.048601
1.019288	 0.700562
1.214220	 1.127335
0.809400	 1.104693
1.277379	 1.117869
1.060316	 1.124587
1.187601	 0.809699
1.117817	 1.238251
0.722546	 0.484303
1.076115	 1.176441
1.248227	 0.532106
0.875898	 0.302175
1.177901	 1.047404
1.213447	 1.064147
1.000065	 0.903912
1.240523	 0.990213
1.235830	 0.776150
1.232028	 1.091180
1.003319	 0.965929
0.974459	 1.019205
1.184908	 1.110125
0.868381	 1.159265
1.104549	 1.179337
1.219547	 0.653859
0.812853	 1.194912
1.090680	 1.238344
1.117401	 1.089491
1.066008	 0.815023
1.067081	 1.104611
0.555007	 1.170533
0.926765	 1.175902
1.163377	 1.161692
0.793920	 1.077768
1.154328	 1.188061
1.245383	 1.154651
0.814920	 0.420905
1.154164	 1.061726
1.097234	 0.975432
1.218541	 1.264856
0.718703	 0.446472
1.214186	 1.250273
1.185554	 1.195137
1.094211	 1.052325
1.172861	 0.381865
1.030878	 1.106775
1.153995	 0.806170
0.978945	 1.157918
0.980257	 1.240227
1.100188	 1.129125
1.128590	 0.433410
0.989200	 1.282583
1.168182	 1.055553
0.545743	 1.061973
1.165757	 1.014930
1.069709	 0.956079
1.202750	 1.125884
1.275062	 1.265682
0.391706	 1.187665
0.742054	 0.573130
0.746172	 0.944416
1.258762	 0.998848
1.216327	 0.827154
0.840622	 1.179002
1.072957	 1.067846
0.902292	 1.002126
1.183683	 1.085122
1.257079	 1.044536
1.101416	 1.184800
1.126972	 0.725615
0.951577	 1.279998
1.106769	 1.094122
1.067517	 1.280775
1.270721	 1.146265
1.030021	 0.535918
1.213651	 1.197847
1.061459	 1.098773
1.107676	 1.057353
1.060000	 0.952138
1.157276	 1.167227
0.298593	 1.265875
0.929084	 0.923691
1.294282	 1.015877
0.446551	 0.640153
1.076370	 1.213794
1.190275	 0.365053
1.092995	 1.083537
1.253356	 1.143900
1.149288	 0.847968
0.720824	 1.082338
1.246279	 0.793952
1.244345	 0.744193
1.124714	 0.433061
1.284150	 1.037535
1.162593	 1.058917
0.538813	 0.493160
1.195150	 1.089959
0.448010	 1.080095
1.267678	 1.169706
1.239588	 1.208795
1.191661	 0.358463
1.307220	 0.912823
1.276145	 0.623374
1.230461	 1.169537
0.935580	 0.354246
0.108291	 0.934458
1.032478	 1.190056
1.213008	 1.107580
1.202879	 1.224860
1.258680	 1.172889
0.903475	 0.632608
1.192020	 1.037366
1.204252	 1.192325
1.189569	 1.253477
0.623392	 1.021946
1.163501	 0.914176
1.111013	 1.236205
1.188807	 1.132161
1.115319	 1.028921
1.017816	 0.932447
0.450314	 1.293264
1.279607	 1.051530
1.230402	 0.981957
0.962047	 1.198894
1.106483	 0.605414
1.116035	 0.986062
1.203301	 0.673936
1.295803	 1.254856
1.004747	 0.319853
1.157222	 1.212340
1.072721	 1.092604
1.130466	 1.219355
1.233185	 1.288297
1.154052	 1.112740
1.219084	 0.311325
1.203058	 0.516659
1.257845	 1.259695
0.614988	 1.256453
0.507004	 1.117167
1.124944	 0.908897
1.124495	 0.469589
1.306020	 0.970172
1.209222	 0.958827
1.199099	 1.249046
0.465991	 1.278528
1.015743	 1.145262
1.300678	 0.328182
1.219241	 1.246710
0.983808	 1.036181
1.163861	 1.012289
1.074057	 0.952428
1.287248	 1.078932
1.219340	 0.978991
0.647119	 1.221604
0.370980	 1.084922
1.229097	 1.193627
0.480491	 1.212901
1.080215	 0.703621
1.072650	 1.160283
1.077313	 1.008742
0.778679	 1.221636
1.224718	 1.216719
0.956723	 1.198563
1.131664	 0.543274
0.854187	 1.074631
1.205428	 1.075396
1.137028	 1.177194
1.297145	 0.527006
0.936233	 1.183986
1.102260	 0.277887
1.024729	 0.646277
0.956884	 1.252046
1.115926	 0.972727
1.310938	 0.152177
1.310849	 0.327509
0.850796	 0.123012
0.644823	 1.203426
1.305079	 1.194172
1.266442	 0.805292
1.171718	 1.015798
1.254912	 1.018568
1.195977	 0.804940
1.050556	 1.206345
1.189385	 0.646788
1.111295	 1.005048
1.192282	 0.641583
0.897334	 1.104300
1.218178	 1.047135
0.613003	 1.233156
1.259911	 1.064153
1.122208	 0.927203
1.032332	 1.226351
1.054742	 1.075756
1.162482	 1.212356
1.236042	 0.953305
