8.8817340e-01 -9.5762814e-01 -6.8018591e-01 -3.8377035e-01
9.4575848e-01 -9.3419772e-01 -4.1574503e-01 -2.6554952e-01
9.2896799e-01 -9.3277160e-01 -6.8358772e-01 -3.6489746e-01
-2.1481139e-01 -9.8847497e-01 -9.9755213e-01 -7.9268034e-01
-2.4998925e-01 -9.8909981e-01 -9.9766246e-01 -8.0201074e-01
8.4884616e-01 -9.5526254e-01 -8.6788997e-01 -4.5995640e-01
7.7452334e-01 -9.6691682e-01 -9.0402873e-01 -4.9647007e-01
-2.5310203e-01 -9.8890243e-01 -9.9780969e-01 -8.0278791e-01
4.7660440e-01 -9.8113274e-01 -9.6942238e-01 -6.0193443e-01
2.1829185e-01 -9.8365560e-01 -9.9039526e-01 -6.7684593e-01
8.4660606e-01 -9.6870858e-01 -6.9793047e-01 -4.0507196e-01
7.8819166e-02 -9.8494733e-01 -9.9432217e-01 -7.1462664e-01
-7.4089958e-02 -9.8709365e-01 -9.9615736e-01 -7.5544739e-01
6.0963020e-01 -9.7853689e-01 -9.4235937e-01 -5.5705296e-01
9.2680660e-01 -9.3330161e-01 -6.9915208e-01 -3.7121211e-01
5.7086500e-02 -9.8548425e-01 -9.9441963e-01 -7.2045959e-01
8.2803683e-01 -9.6059609e-01 -8.7079019e-01 -4.6840294e-01
7.2385158e-01 -9.7423059e-01 -8.9790543e-01 -5.1014321e-01
4.5642732e-01 -9.7788236e-01 -9.8241575e-01 -6.1050755e-01
8.1075527e-01 -9.6118731e-01 -8.9639493e-01 -4.8221393e-01
3.2359086e-01 -9.8231470e-01 -9.8592100e-01 -6.4764249e-01
6.6714638e-01 -9.6995614e-01 -9.6071786e-01 -5.4549619e-01
8.0918486e-01 -9.6101876e-01 -8.9983433e-01 -4.8378023e-01
6.8312003e-01 -9.7296273e-01 -9.3986042e-01 -5.3510410e-01
1.9458160e-01 -9.8459841e-01 -9.9011453e-01 -6.8320931e-01
4.5340547e-01 -9.7881679e-01 -9.8066975e-01 -6.1102249e-01
8.2066647e-01 -9.6688639e-01 -8.2173635e-01 -4.5522174e-01
4.5595705e-01 -9.7936930e-01 -9.7892087e-01 -6.0995520e-01
8.0769455e-01 -9.6256883e-01 -8.9122836e-01 -4.8169078e-01
3.5596898e-01 -9.8248761e-01 -9.8252680e-01 -6.3816836e-01
7.4392281e-01 -9.7216828e-01 -8.9584148e-01 -5.0344732e-01
2.4963657e-01 -9.8288561e-01 -9.8989930e-01 -6.6830803e-01
9.3222683e-01 -9.4361653e-01 -4.8694274e-01 -2.9807199e-01
3.1377596e-01 -9.7955173e-01 -9.9095458e-01 -6.5089749e-01
6.7901121e-01 -9.7500326e-01 -9.2909045e-01 -5.3310534e-01
2.3964550e-01 -9.8148778e-01 -9.9224311e-01 -6.7117531e-01
5.7963243e-01 -9.7414873e-01 -9.7210342e-01 -5.7369094e-01
9.1052595e-01 -9.4845216e-01 -6.5732091e-01 -3.6631967e-01
6.3214445e-01 -9.7250600e-01 -9.6364153e-01 -5.5652811e-01
5.8433119e-01 -9.7751815e-01 -9.5821023e-01 -5.6882462e-01
7.4282340e-01 -9.7140407e-01 -9.0397234e-01 -5.0633672e-01
2.8787367e-01 -9.8397027e-01 -9.8511306e-01 -6.5718170e-01
9.5132359e-01 -9.0827291e-01 -6.3788698e-01 -3.3338423e-01
4.2790458e-01 -9.8028199e-01 -9.8016363e-01 -6.1796769e-01
9.5314963e-01 -9.2827299e-01 -3.4888831e-01 -2.3750417e-01
-1.9543054e-01 -9.8814341e-01 -9.9747686e-01 -7.8753959e-01
8.1445410e-01 -9.7153749e-01 -7.6483045e-01 -4.3830810e-01
9.0311475e-01 -9.4377397e-01 -7.6795651e-01 -4.0590093e-01
7.5460729e-02 -9.8631980e-01 -9.9280807e-01 -7.1547996e-01
6.6342118e-01 -9.6933401e-01 -9.6403889e-01 -5.4739956e-01
6.5373235e-01 -9.7219253e-01 -9.5738011e-01 -5.4861904e-01
-2.0778672e-01 -9.8881166e-01 -9.9724773e-01 -7.9089446e-01
7.2740788e-01 -9.7067381e-01 -9.2391212e-01 -5.1713617e-01
4.7987590e-01 -9.7999722e-01 -9.7320537e-01 -6.0200455e-01
7.0755080e-01 -9.7527306e-01 -9.0394428e-01 -5.1689400e-01
7.2927941e-01 -9.7499890e-01 -8.8331933e-01 -5.0383833e-01
4.1447561e-01 -9.7781022e-01 -9.8667554e-01 -6.2279236e-01
3.5749077e-01 -9.7963823e-01 -9.8817858e-01 -6.3869413e-01
8.6014326e-01 -9.5579163e-01 -8.3329953e-01 -4.4491078e-01
8.0392503e-01 -9.6471192e-01 -8.8017050e-01 -4.7954158e-01
6.7289201e-01 -9.7096160e-01 -9.5468482e-01 -5.4225319e-01
5.8119574e-02 -9.8354078e-01 -9.9598366e-01 -7.2000197e-01
7.6265811e-01 -9.6950418e-01 -8.9768734e-01 -4.9825808e-01
8.0999607e-01 -9.6999476e-01 -8.0507972e-01 -4.5322246e-01
-1.6592544e-01 -9.8838407e-01 -9.9687537e-01 -7.7982729e-01
4.2073202e-01 -9.7989509e-01 -9.8199310e-01 -6.2031645e-01
5.0629336e-01 -9.7682260e-01 -9.7825710e-01 -5.9578599e-01
6.0129217e-01 -9.7655407e-01 -9.5720079e-01 -5.6372897e-01
8.4137853e-01 -9.6511430e-01 -7.8453517e-01 -4.3593438e-01
8.4325591e-01 -9.6190775e-01 -8.2060390e-01 -4.4708502e-01
8.9147631e-01 -9.5408258e-01 -7.1468622e-01 -3.9386375e-01
3.4553525e-01 -9.8020622e-01 -9.8812816e-01 -6.4197102e-01
8.8902713e-01 -9.5307369e-01 -7.4294040e-01 -4.0418691e-01
2.4516358e-01 -9.8259853e-01 -9.9057258e-01 -6.6958823e-01
3.4363228e-01 -9.8368106e-01 -9.8042105e-01 -6.4105123e-01
9.1941701e-01 -9.5422278e-01 -4.4958024e-01 -2.9212765e-01
5.5825147e-01 -9.7999717e-01 -9.5346617e-01 -5.7479766e-01
3.7967270e-01 -9.8160937e-01 -9.8230512e-01 -6.3165230e-01
6.4440619e-01 -9.6799541e-01 -9.7293275e-01 -5.5494857e-01
3.2970926e-01 -9.8034030e-01 -9.8898404e-01 -6.4639959e-01
7.8990493e-01 -9.6138757e-01 -9.2142447e-01 -4.9658690e-01
6.6361870e-01 -9.6779070e-01 -9.6835832e-01 -5.4829457e-01
1.7033006e-01 -9.8369599e-01 -9.9254267e-01 -6.8996653e-01
8.8479552e-01 -9.6309074e-01 -5.9437734e-01 -3.5612684e-01
5.8714294e-02 -9.8510153e-01 -9.9474812e-01 -7.2001035e-01
8.9170916e-01 -9.5096286e-01 -7.5428156e-01 -4.0672943e-01
9.0034444e-01 -9.5506017e-01 -6.3514108e-01 -3.6357416e-01
5.0200674e-02 -9.8624774e-01 -9.9378594e-01 -7.2229954e-01
5.3941723e-01 -9.7983020e-01 -9.6033415e-01 -5.8202937e-01
-1.2037916e-01 -9.8740760e-01 -9.9678569e-01 -7.6770118e-01
5.6616141e-01 -9.7452682e-01 -9.7384599e-01 -5.7792424e-01
7.5577074e-01 -9.7281043e-01 -8.7373349e-01 -4.9275794e-01
5.4995262e-01 -9.7835688e-01 -9.6439888e-01 -5.8020096e-01
8.9264152e-01 -9.6149200e-01 -5.6757296e-01 -3.4392637e-01
5.1367406e-01 -9.8183754e-01 -9.5651971e-01 -5.8806554e-01
3.9543607e-03 -9.8477221e-01 -9.9627779e-01 -7.3451674e-01
6.1247967e-01 -9.7503737e-01 -9.6024247e-01 -5.6135099e-01
2.9947449e-01 -9.8103226e-01 -9.8982440e-01 -6.5474473e-01
4.1198699e-01 -9.7933144e-01 -9.8415903e-01 -6.2312161e-01
3.8494020e-01 -9.7895575e-01 -9.8722103e-01 -6.3102739e-01
3.6908374e-01 -9.8266694e-01 -9.8058332e-01 -6.3417012e-01
9.9322992e-01 -5.6418141e-01 -4.4028938e-01 -1.1930914e-01
8.2724944e-01 -9.7370194e-01 -6.6350049e-01 -3.9969235e-01
8.9459178e-01 -9.5645282e-01 -6.5541598e-01 -3.7282654e-01
9.3532966e-01 -9.5034146e-01 -2.8770631e-01 -2.2877203e-01
9.6015800e-01 -9.4199536e-01 1.4173811e-01 -6.5918237e-02
8.5642809e-01 -8.9329057e-01 -9.8505777e-01 -4.7590228e-01
-4.0937032e-01 -9.9045599e-01 -9.9869724e-01 -8.4390593e-01
-4.4558064e-01 -9.9062981e-01 -9.9891488e-01 -8.5336619e-01
-4.6258186e-01 -9.9086400e-01 -9.9896232e-01 -8.5784725e-01
9.2043995e-01 -9.2059950e-01 -8.3917801e-01 -4.1791612e-01
9.1542837e-01 -9.4949225e-01 -5.9371227e-01 -3.4276131e-01
4.8458262e-01 -9.7683223e-01 -9.8124595e-01 -6.0244160e-01
-1.3800091e-01 -9.8777313e-01 -9.9683438e-01 -7.7239300e-01
5.9859954e-01 -9.7737588e-01 -9.5401092e-01 -5.6360052e-01
4.2807831e-01 -9.7996589e-01 -9.8096033e-01 -6.1808532e-01
4.0499039e-01 -9.7984289e-01 -9.8379236e-01 -6.2498808e-01
3.9280851e-01 -9.8079569e-01 -9.8290688e-01 -6.2817371e-01
4.1498435e-01 -9.8078037e-01 -9.8043202e-01 -6.2157966e-01
4.8470017e-01 -9.7987328e-01 -9.7276924e-01 -6.0056000e-01
7.4985227e-01 -9.6959066e-01 -9.1120930e-01 -5.0641116e-01
6.8732297e-01 -9.7149079e-01 -9.4547052e-01 -5.3545678e-01
8.2763528e-01 -9.6031540e-01 -8.7387777e-01 -4.6949972e-01
3.5828785e-01 -9.8415397e-01 -9.7692949e-01 -6.3621746e-01
3.5239107e-01 -9.8359381e-01 -9.7967259e-01 -6.3849718e-01
8.0242414e-01 -9.6793078e-01 -8.5075075e-01 -4.7067150e-01
8.5060763e-01 -9.5751245e-01 -8.4491283e-01 -4.5217215e-01
4.6224570e-01 -9.7379680e-01 -9.8835883e-01 -6.0955489e-01
8.2122243e-01 -9.6123777e-01 -8.7866414e-01 -4.7321344e-01
7.4059858e-01 -9.7220942e-01 -8.9921924e-01 -5.0552373e-01
8.5870057e-01 -9.6676223e-01 -6.7966244e-01 -3.9469055e-01
-2.6162306e-01 -9.8881995e-01 -9.9795237e-01 -8.0499912e-01
9.8244265e-01 -8.1632590e-01 -3.6676325e-01 -1.9314732e-01
3.4347919e-01 -9.8097594e-01 -9.8696851e-01 -6.4238317e-01
9.6351157e-01 -9.0529533e-01 -3.9184801e-01 -2.4130157e-01
7.4068781e-01 -9.7160228e-01 -9.0453378e-01 -5.0716296e-01
-3.4223294e-01 -9.8971629e-01 -9.9839201e-01 -8.2623971e-01
-1.3142091e-01 -9.8739987e-01 -9.9697354e-01 -7.7060585e-01
8.9562664e-01 -9.3758723e-01 -8.5110701e-01 -4.3511188e-01
6.0017146e-02 -9.8568936e-01 -9.9411496e-01 -7.1967607e-01
5.4874571e-01 -9.7966976e-01 -9.5841922e-01 -5.7888426e-01
9.2596061e-01 -9.5565371e-01 -3.1492856e-01 -2.4294645e-01
4.8942492e-01 -9.8007611e-01 -9.7112481e-01 -5.9883596e-01
4.9623380e-02 -9.8606050e-01 -9.9402328e-01 -7.2246049e-01
6.5017561e-01 -9.7567290e-01 -9.4142654e-01 -5.4518413e-01
8.8887482e-01 -9.4017598e-01 -8.5885414e-01 -4.4061238e-01
-3.8192503e-01 -9.9039026e-01 -9.9848361e-01 -8.3674372e-01
8.5759808e-02 -9.8458539e-01 -9.9447195e-01 -7.1275486e-01
9.5623287e-01 -9.2319506e-01 -3.5145107e-01 -2.3566595e-01
5.7451640e-01 -9.7621120e-01 -9.6660597e-01 -5.7384124e-01
5.8711531e-01 -9.7307541e-01 -9.7343962e-01 -5.7182851e-01
1.8023312e-02 -9.8635383e-01 -9.9463777e-01 -7.3092244e-01
4.3617106e-01 -9.8187736e-01 -9.7387528e-01 -6.1421271e-01
6.6794216e-01 -9.7584226e-01 -9.3007450e-01 -5.3662790e-01
7.1914155e-01 -9.7345797e-01 -9.0984038e-01 -5.1531572e-01
9.6407694e-01 -8.7496393e-01 -6.5386890e-01 -3.2295270e-01
9.0373435e-02 -9.8426765e-01 -9.9463542e-01 -7.1150367e-01
4.6948458e-01 -9.8024819e-01 -9.7415096e-01 -6.0511212e-01
8.7441854e-01 -9.5974326e-01 -7.2661230e-01 -4.0469225e-01
5.4531630e-01 -9.7851380e-01 -9.6492543e-01 -5.8164216e-01
-2.4880745e-01 -9.8874526e-01 -9.9783893e-01 -8.0163286e-01
4.8190175e-01 -9.8156472e-01 -9.6633258e-01 -5.9963574e-01
6.3283939e-01 -9.7790112e-01 -9.3527194e-01 -5.4830767e-01
4.6808904e-01 -9.8119605e-01 -9.7084451e-01 -6.0465701e-01
2.0314419e-01 -9.8586140e-01 -9.8700940e-01 -6.8038580e-01
9.1846186e-01 -9.3615457e-01 -7.4099660e-01 -3.8939190e-01
5.2220103e-01 -9.7720836e-01 -9.7458166e-01 -5.9053086e-01
-3.5816463e-02 -9.8567779e-01 -9.9643998e-01 -7.4515557e-01
9.2027977e-01 -9.4261994e-01 -6.5057342e-01 -3.5915196e-01
9.6614292e-01 -8.9504866e-01 -4.2798776e-01 -2.4956685e-01
6.3638033e-01 -9.7474488e-01 -9.5287705e-01 -5.5246108e-01
2.8559972e-01 -9.8006026e-01 -9.9176766e-01 -6.5863253e-01
-9.4377840e-02 -9.8825310e-01 -9.9556456e-01 -7.6090256e-01
9.2786813e-01 -9.4854925e-01 -4.5580861e-01 -2.8998671e-01
8.6734343e-01 -9.5716215e-01 -7.9397118e-01 -4.2955315e-01
9.8514387e-01 -8.0163445e-01 -2.7015055e-01 -1.5230718e-01
2.6756888e-01 -9.8254818e-01 -9.8940111e-01 -6.6338675e-01
6.8638466e-01 -9.7380248e-01 -9.3266263e-01 -5.3201978e-01
8.5038418e-02 -9.8638830e-01 -9.9233616e-01 -7.1287402e-01
6.7537565e-01 -9.7215030e-01 -9.4825365e-01 -5.3977801e-01
7.5906157e-01 -9.6994617e-01 -8.9821435e-01 -4.9954195e-01
9.2545679e-01 -9.1425195e-01 -8.4429785e-01 -4.1600301e-01
-5.3312088e-02 -9.8771193e-01 -9.9511837e-01 -7.4996987e-01
7.2810938e-01 -9.7529381e-01 -8.8124231e-01 -5.0351196e-01
-2.5603192e-02 -9.8657690e-01 -9.9553825e-01 -7.4255327e-01
9.3253809e-01 -9.2636131e-01 -7.1182473e-01 -3.7158161e-01
-6.5897399e-03 -9.8664414e-01 -9.9500659e-01 -7.3749807e-01
6.3370569e-01 -9.7069215e-01 -9.6886870e-01 -5.5729181e-01
9.0762366e-01 -8.9502343e-01 -9.4779262e-01 -4.5010240e-01
7.5334015e-01 -9.7410354e-01 -8.6122500e-01 -4.8941863e-01
7.5593652e-01 -9.7304767e-01 -8.7067931e-01 -4.9171697e-01
8.0056976e-01 -9.5767171e-01 -9.2838639e-01 -4.9489367e-01
2.3125397e-01 -9.8355485e-01 -9.8985492e-01 -6.7327958e-01
5.2362562e-01 -9.7942185e-01 -9.6638834e-01 -5.8809478e-01
8.5810764e-01 -9.6085432e-01 -7.8367366e-01 -4.2967931e-01
3.6252295e-01 -9.7952202e-01 -9.8800072e-01 -6.3729123e-01
5.4881457e-01 -9.7816871e-01 -9.6549002e-01 -5.8081049e-01
2.5667648e-01 -9.8333434e-01 -9.8872867e-01 -6.6625235e-01
5.9316054e-02 -9.8561937e-01 -9.9421205e-01 -7.1986408e-01
9.2531233e-01 -9.4360495e-01 -5.8103983e-01 -3.3342457e-01
9.0358675e-01 -9.4622171e-01 -7.3890449e-01 -3.9635696e-01
1.7718016e-01 -9.8516408e-01 -9.9006023e-01 -6.8788493e-01
5.6376085e-01 -9.7966169e-01 -9.5357577e-01 -5.7328996e-01
-3.9754866e-02 -9.8700518e-01 -9.9548323e-01 -7.4633959e-01
4.9002552e-01 -9.8093045e-01 -9.6746323e-01 -5.9770451e-01
6.1686077e-01 -9.7390934e-01 -9.6330211e-01 -5.6088042e-01
7.1335690e-01 -9.6496182e-01 -9.5879821e-01 -5.3099572e-01
9.2132642e-01 -9.3310281e-01 -7.4775363e-01 -3.8988853e-01
6.4980461e-01 -9.7493684e-01 -9.4597755e-01 -5.4661954e-01
5.3077367e-01 -9.8000406e-01 -9.6186735e-01 -5.8486723e-01
9.3492662e-01 -9.4155469e-01 -4.8231233e-01 -2.9492944e-01
3.0410156e-01 -9.8165072e-01 -9.8858941e-01 -6.5335232e-01
7.8903078e-01 -9.7178743e-01 -8.2816160e-01 -4.6754448e-01
2.6916214e-01 -9.8361456e-01 -9.8735871e-01 -6.6265955e-01
3.2268084e-01 -9.8310757e-01 -9.8418547e-01 -6.4756325e-01
3.3940748e-01 -9.8175254e-01 -9.8578927e-01 -6.4330954e-01
8.6492128e-01 -9.6371717e-01 -7.0805882e-01 -4.0204828e-01
6.6804276e-01 -9.6961833e-01 -9.6154049e-01 -5.4542878e-01
4.0209286e-01 -9.7477466e-01 -9.9123449e-01 -6.2643341e-01
2.1517381e-01 -9.8392873e-01 -9.9012538e-01 -6.7765717e-01
-7.4889691e-02 -9.8655872e-01 -9.9656512e-01 -7.5559221e-01
3.8844911e-01 -9.7809616e-01 -9.8826220e-01 -6.3016451e-01
8.7275976e-01 -9.5995195e-01 -7.3190128e-01 -4.0708687e-01
9.2721839e-01 -9.5391350e-01 -3.4067563e-01 -2.5113909e-01
3.6216538e-01 -9.8246000e-01 -9.8194590e-01 -6.3635632e-01
6.4593326e-01 -9.7632186e-01 -9.3945236e-01 -5.4582147e-01
5.9557310e-01 -9.7447784e-01 -9.6728771e-01 -5.6799855e-01
7.9588640e-01 -9.6616290e-01 -8.8058513e-01 -4.8231749e-01
6.8490221e-02 -9.8435509e-01 -9.9514620e-01 -7.1734939e-01
-1.8035348e-01 -9.8790288e-01 -9.9740460e-01 -7.8354224e-01
9.1672803e-01 -9.4543824e-01 -6.4526911e-01 -3.5926042e-01
9.3003656e-01 -9.5093451e-01 -3.6808412e-01 -2.5904513e-01
8.2117769e-02 -9.8628682e-01 -9.9260005e-01 -7.1368040e-01
-1.0519350e-01 -9.8835762e-01 -9.9570971e-01 -7.6377714e-01
2.3229415e-01 -9.8283802e-01 -9.9088977e-01 -6.7310464e-01
1.8633187e-01 -9.8326427e-01 -9.9241752e-01 -6.8563862e-01
5.9673788e-01 -9.7524980e-01 -9.6420033e-01 -5.6689507e-01
7.2250905e-01 -9.6724510e-01 -9.4583605e-01 -5.2489682e-01
2.9256561e-01 -9.8194775e-01 -9.8884348e-01 -6.5652536e-01
9.8240051e-01 -8.1965628e-01 -3.4627541e-01 -1.8713231e-01
7.2947253e-01 -9.7035761e-01 -9.2433541e-01 -5.1663405e-01
5.5203163e-01 -9.7716587e-01 -9.6860083e-01 -5.8070596e-01
3.8749419e-01 -9.7882672e-01 -9.8722925e-01 -6.3032349e-01
8.6107663e-01 -9.6413169e-01 -7.1978090e-01 -4.0738031e-01
7.8101711e-01 -9.6862186e-01 -8.8088387e-01 -4.8719828e-01
3.5798652e-01 -9.8118399e-01 -9.8537895e-01 -6.3816405e-01
7.8658841e-01 -9.6744040e-01 -8.8352623e-01 -4.8625200e-01
-4.9295337e-02 -9.8698369e-01 -9.9572185e-01 -7.4887084e-01
5.7748189e-01 -9.7597855e-01 -9.6669962e-01 -5.7302197e-01
4.7049216e-01 -9.7951934e-01 -9.7635174e-01 -6.0535699e-01
5.3137837e-01 -9.6687869e-01 -9.8995876e-01 -5.8967101e-01
9.4590308e-01 -9.3705239e-01 -3.6124477e-01 -2.4716569e-01
7.5784557e-01 -9.7136505e-01 -8.8652317e-01 -4.9623036e-01
-2.7739224e-01 -9.8911036e-01 -9.9799067e-01 -8.0918166e-01
3.1414598e-01 -9.8161199e-01 -9.8797863e-01 -6.5053538e-01
6.5823720e-01 -9.7591460e-01 -9.3543662e-01 -5.4106598e-01
9.3895475e-01 -9.3820251e-01 -4.7445466e-01 -2.8979560e-01
6.6927709e-01 -9.7344982e-01 -9.4460623e-01 -5.4054684e-01
3.1652224e-01 -9.8272044e-01 -9.8562763e-01 -6.4951286e-01
7.4479533e-01 -9.7031822e-01 -9.1077095e-01 -5.0783646e-01
6.4044974e-01 -9.7555866e-01 -9.4683780e-01 -5.4957312e-01
8.1058105e-01 -9.6520421e-01 -8.6367566e-01 -4.7213308e-01
1.4450544e-01 -9.8461480e-01 -9.9242120e-01 -6.9692142e-01
4.5639628e-01 -9.8195677e-01 -9.6989522e-01 -6.0761991e-01
-2.3612006e-01 -9.8859764e-01 -9.9776020e-01 -7.9828382e-01
-1.8410059e-01 -9.8739823e-01 -9.9771856e-01 -7.8442352e-01
9.3587275e-01 -9.4885604e-01 -3.1372819e-01 -2.3734492e-01
2.2769442e-01 -9.8167330e-01 -9.9254029e-01 -6.7442750e-01
8.6380144e-01 -9.6662329e-01 -6.5410688e-01 -3.8420526e-01
9.6291553e-01 -8.9542012e-01 -5.1805241e-01 -2.8267973e-01
9.3706307e-01 -9.2436241e-01 -6.8253638e-01 -3.5919470e-01
7.8240940e-01 -9.7155148e-01 -8.4508066e-01 -4.7519436e-01
-1.4673549e-01 -9.8719667e-01 -9.9732676e-01 -7.7459333e-01
7.2914449e-01 -9.7437826e-01 -8.9049020e-01 -5.0619244e-01
7.8247084e-02 -9.8478168e-01 -9.9450155e-01 -7.1477390e-01
8.9684578e-01 -9.4870767e-01 -7.5165653e-01 -4.0360098e-01
8.4675692e-01 -9.6590033e-01 -7.5196481e-01 -4.2323143e-01
2.7227934e-01 -9.8049045e-01 -9.9190791e-01 -6.6227541e-01
6.4740867e-01 -9.7402949e-01 -9.5179640e-01 -5.4896222e-01
6.2307704e-01 -9.7776850e-01 -9.4126839e-01 -5.5290778e-01
8.4049768e-01 -9.6310038e-01 -8.1459522e-01 -4.4611066e-01
7.7886984e-01 -9.6609057e-01 -9.0485589e-01 -4.9532821e-01
2.3661447e-01 -9.8355347e-01 -9.8955346e-01 -6.7179242e-01
5.6990687e-01 -9.8004838e-01 -9.4888433e-01 -5.7018392e-01
-1.4040130e-01 -9.8839167e-01 -9.9641223e-01 -7.7309858e-01
6.9624630e-01 -9.7296743e-01 -9.3170316e-01 -5.2881814e-01
5.4633658e-01 -9.7918768e-01 -9.6157931e-01 -5.8044567e-01
2.4836756e-01 -9.7938634e-01 -9.9388603e-01 -6.6870680e-01
4.7506083e-01 -9.7974349e-01 -9.7490298e-01 -6.0375116e-01
9.4825546e-01 -9.1028782e-01 -6.6726395e-01 -3.4543414e-01
8.3803256e-01 -9.5866292e-01 -8.6568200e-01 -4.6326259e-01
-2.6360756e-01 -9.8923687e-01 -9.9775980e-01 -8.0560183e-01
5.4932471e-01 -9.7749359e-01 -9.6802792e-01 -5.8132437e-01
5.8163646e-01 -9.7711543e-01 -9.6093713e-01 -5.7033555e-01
6.1996551e-01 -9.7812806e-01 -9.4028498e-01 -5.5349608e-01
-2.6669517e-01 -9.8814808e-01 -9.9829593e-01 -8.0616731e-01
-2.1268932e-01 -9.8851300e-01 -9.9750167e-01 -7.9213108e-01
4.1826612e-01 -9.7867956e-01 -9.8482618e-01 -6.2149274e-01
6.6220476e-01 -9.7859829e-01 -9.0934529e-01 -5.3177029e-01
9.4999170e-01 -9.2516340e-01 -4.6984146e-01 -2.8027833e-01
8.6784851e-02 -9.8587393e-01 -9.9299093e-01 -7.1245990e-01
1.6560381e-01 -9.8490688e-01 -9.9107503e-01 -6.9112596e-01
6.9622972e-01 -9.6955756e-01 -9.4989423e-01 -5.3399798e-01
5.4398205e-01 -9.7996835e-01 -9.5825454e-01 -5.8016622e-01
4.9518567e-01 -9.8246193e-01 -9.5803721e-01 -5.9360435e-01
7.1210727e-01 -9.6785962e-01 -9.4896571e-01 -5.2892674e-01
6.8716927e-01 -9.7133408e-01 -9.4632529e-01 -5.3574087e-01
8.4220244e-01 -9.5730178e-01 -8.6735616e-01 -4.6226201e-01
3.9681330e-01 -9.7037885e-01 -9.9447867e-01 -6.2725300e-01
3.0253596e-01 -9.8375696e-01 -9.8437532e-01 -6.5306409e-01
9.5806277e-01 -9.2741639e-01 -2.2824726e-01 -1.9285932e-01
-1.8606004e-01 -9.8806816e-01 -9.9738967e-01 -7.8506877e-01
9.3438917e-01 -8.9359119e-01 -8.7708708e-01 -4.1743295e-01
9.2048049e-01 -9.1533391e-01 -8.6333187e-01 -4.2449296e-01
-3.4166008e-01 -9.8970511e-01 -9.9839120e-01 -8.2608773e-01
7.0675744e-01 -9.7537901e-01 -9.0365076e-01 -5.1703424e-01
9.6698129e-01 -8.9602902e-01 -3.8931159e-01 -2.3592803e-01
9.0227442e-01 -9.5800075e-01 -5.5912825e-01 -3.3708749e-01
6.3156614e-01 -9.7528557e-01 -9.5214016e-01 -5.5364527e-01
8.4185334e-02 -9.8624741e-01 -9.9257610e-01 -7.1312474e-01
2.1191341e-01 -9.8258160e-01 -9.9216714e-01 -6.7870469e-01
9.6716204e-01 -9.0248777e-01 -3.0437722e-01 -2.0806538e-01
6.1100511e-01 -9.7365586e-01 -9.6591109e-01 -5.6322005e-01
6.0236587e-01 -9.7715622e-01 -9.5378828e-01 -5.6246737e-01
-1.2097460e-01 -9.8834439e-01 -9.9606502e-01 -7.6795869e-01
4.2500941e-01 -9.7899852e-01 -9.8352048e-01 -6.1941510e-01
4.0243637e-01 -9.7941443e-01 -9.8491262e-01 -6.2587955e-01
8.7848840e-01 -9.5536446e-01 -7.6789401e-01 -4.1668672e-01
9.1192744e-01 -9.4839226e-01 -6.4579896e-01 -3.6182444e-01
6.5872982e-01 -9.6966444e-01 -9.6454636e-01 -5.4891507e-01
-8.2425977e-02 -9.8766739e-01 -9.9584948e-01 -7.5770346e-01
8.9638269e-01 -9.5170738e-01 -7.1686223e-01 -3.9246146e-01
-6.9384030e-02 -9.8652079e-01 -9.9649083e-01 -7.5413467e-01
9.0954527e-01 -9.4820627e-01 -6.6929719e-01 -3.7075077e-01
4.8145991e-01 -9.7976700e-01 -9.7372422e-01 -6.0169336e-01
9.6751311e-01 -8.9560474e-01 -3.7573912e-01 -2.3078420e-01
-2.8527643e-01 -9.8832812e-01 -9.9840221e-01 -8.1105495e-01
7.2868454e-01 -9.6933783e-01 -9.3126674e-01 -5.1891667e-01
3.3035431e-01 -9.8251742e-01 -9.8490210e-01 -6.4561715e-01
6.7873785e-01 -9.7277380e-01 -9.4334110e-01 -5.3740063e-01
9.4421579e-01 -9.3276327e-01 -4.6975454e-01 -2.8466596e-01
9.5616492e-01 -9.1802888e-01 -4.2915608e-01 -2.6141860e-01
1.7596773e-01 -9.8518776e-01 -9.9008282e-01 -6.8821405e-01
5.9736998e-01 -9.7629689e-01 -9.5969129e-01 -5.6552748e-01
9.7807307e-01 -8.4518131e-01 -4.0628850e-01 -2.1951096e-01
5.6575412e-01 -9.8113037e-01 -9.4272529e-01 -5.6947197e-01
-1.9464642e-01 -9.8715042e-01 -9.9795406e-01 -7.8712496e-01
3.2755762e-01 -9.7642862e-01 -9.9329082e-01 -6.4698050e-01
-4.9088828e-02 -9.8782931e-01 -9.9488049e-01 -7.4884380e-01
1.1131000e-01 -9.8557495e-01 -9.9245672e-01 -7.0584452e-01
1.9037008e-01 -9.8531373e-01 -9.8903782e-01 -6.8418458e-01
9.4297252e-01 -9.4398289e-01 -2.8232436e-01 -2.2243157e-01
-4.1314925e-01 -9.9035363e-01 -9.9876339e-01 -8.4486221e-01
7.9874633e-01 -9.7113597e-01 -8.1581480e-01 -4.6038774e-01
-2.4291758e-01 -9.8921973e-01 -9.9749616e-01 -8.0017840e-01
9.4069721e-01 -9.3102885e-01 -5.5597014e-01 -3.1566759e-01
7.8015947e-03 -9.8403731e-01 -9.9665012e-01 -7.3337627e-01
3.1356091e-01 -9.8066842e-01 -9.8951041e-01 -6.5086839e-01
7.9915347e-01 -9.6939697e-01 -8.3959602e-01 -4.6809818e-01
9.9178234e-01 -6.4615200e-01 -3.6585771e-01 -1.2475267e-01
9.5393599e-01 -9.4293208e-01 -2.8998500e-02 -1.2880715e-01
8.2776153e-01 -9.6340728e-01 -8.4511364e-01 -4.6039600e-01
7.6739009e-01 -9.6289989e-01 -9.3467414e-01 -5.0769079e-01
2.0328775e-01 -9.8443618e-01 -9.8992121e-01 -6.8083796e-01
9.2728709e-02 -9.8524981e-01 -9.9355317e-01 -7.1089056e-01
5.6070511e-01 -9.7577804e-01 -9.7132936e-01 -5.7891272e-01
1.4434432e-01 -9.8452084e-01 -9.9254920e-01 -6.9697229e-01
3.1775552e-02 -9.8594863e-01 -9.9466977e-01 -7.2723958e-01
-1.4755782e-01 -9.8789231e-01 -9.9691225e-01 -7.7492541e-01
2.9077344e-01 -9.8223318e-01 -9.8847922e-01 -6.5696658e-01
8.0416592e-01 -9.7081795e-01 -8.0731133e-01 -4.5583633e-01
9.3878960e-01 -9.3252309e-01 -5.6466790e-01 -3.1983872e-01
2.0538114e-01 -9.8216354e-01 -9.9290309e-01 -6.8048649e-01
6.7829403e-01 -9.7616753e-01 -9.2034676e-01 -5.3061897e-01
1.3013392e-01 -9.8595758e-01 -9.9105131e-01 -7.0064799e-01
2.0254633e-01 -9.8253032e-01 -9.9261451e-01 -6.8125434e-01
2.1186323e-01 -9.8329563e-01 -9.9124779e-01 -6.7866508e-01
-1.1770969e-01 -9.8661940e-01 -9.9722600e-01 -7.6686739e-01
9.2252298e-01 -9.4751777e-01 -5.4838364e-01 -3.2399884e-01
7.5700369e-01 -9.6714805e-01 -9.2094498e-01 -5.0710294e-01
3.2814195e-01 -9.8234248e-01 -9.8548344e-01 -6.4632625e-01
9.1934931e-01 -9.1896404e-01 -8.5244637e-01 -4.2230036e-01
5.6982029e-01 -9.7287741e-01 -9.7722357e-01 -5.7755174e-01
-2.6422008e-02 -9.8619278e-01 -9.9587835e-01 -7.4273706e-01
2.0970614e-01 -9.8428761e-01 -9.8982323e-01 -6.7909446e-01
4.6042693e-01 -9.7959694e-01 -9.7764847e-01 -6.0843906e-01
5.2094715e-01 -9.7823902e-01 -9.7153286e-01 -5.9016320e-01
7.0914895e-01 -9.7354679e-01 -9.1788583e-01 -5.2079169e-01
7.0944125e-01 -9.7485128e-01 -9.0624660e-01 -5.1706647e-01
7.8844692e-01 -9.7147766e-01 -8.3394481e-01 -4.6963887e-01
9.2329180e-01 -9.5519478e-01 -3.6967992e-01 -2.6299376e-01
-3.3594356e-01 -9.8951177e-01 -9.9841627e-01 -8.2455143e-01
-2.6195620e-01 -9.8950394e-01 -9.9758283e-01 -8.0521691e-01
6.8519284e-01 -9.7327043e-01 -9.3680819e-01 -5.3360041e-01
3.3785961e-03 -9.8611878e-01 -9.9525266e-01 -7.3481868e-01
7.8096116e-01 -9.6829621e-01 -8.8403764e-01 -4.8821242e-01
8.3271515e-01 -9.5884405e-01 -8.7538645e-01 -4.6816345e-01
1.7020956e-01 -9.8281905e-01 -9.9351667e-01 -6.9000669e-01
5.6658442e-01 -9.7535599e-01 -9.7136356e-01 -5.7724954e-01
9.5179008e-01 -9.1666271e-01 -5.4341021e-01 -3.0278807e-01
5.4088773e-01 -9.7526059e-01 -9.7659117e-01 -5.8568895e-01
8.2389732e-01 -9.5773241e-01 -8.9865022e-01 -4.7830456e-01
1.3775939e-01 -9.8541318e-01 -9.9157666e-01 -6.9866364e-01
9.1782120e-01 -9.4769144e-01 -5.9913438e-01 -3.4338567e-01
-3.5020481e-01 -9.8997735e-01 -9.9835788e-01 -8.2837913e-01
-1.2741700e-01 -9.8786466e-01 -9.9658365e-01 -7.6961602e-01
7.5251300e-01 -9.7042451e-01 -9.0170927e-01 -5.0265838e-01
9.8515193e-01 -7.9876179e-01 -2.8897355e-01 -1.5791349e-01
3.7279937e-01 -9.7914872e-01 -9.8783448e-01 -6.3444413e-01
9.5250992e-02 -9.8540900e-01 -9.9327599e-01 -7.1020419e-01
6.8298780e-01 -9.6863101e-01 -9.5929736e-01 -5.4040254e-01
5.9781243e-01 -9.7556171e-01 -9.6266721e-01 -5.6619190e-01
4.5779940e-01 -9.8050896e-01 -9.7520908e-01 -6.0859648e-01
6.0597327e-02 -9.8553142e-01 -9.9426678e-01 -7.1952005e-01
-1.3890235e-02 -9.8704567e-01 -9.9478711e-01 -7.3945284e-01
-3.0896579e-01 -9.8961554e-01 -9.9809678e-01 -8.1753713e-01
3.7293564e-01 -9.8114859e-01 -9.8408871e-01 -6.3384414e-01
5.4713302e-01 -9.7573455e-01 -9.7420653e-01 -5.8341422e-01
6.3867603e-02 -9.8498609e-01 -9.9471410e-01 -7.1862792e-01
9.8727147e-01 -7.6936351e-01 -2.8845458e-01 -1.4583846e-01
1.3608877e-01 -9.8587355e-01 -9.9090940e-01 -6.9903297e-01
9.7969582e-01 -8.2253438e-01 -4.8272158e-01 -2.3762910e-01
-1.4350534e-01 -9.8804341e-01 -9.9673767e-01 -7.7387887e-01
-1.5254897e-01 -9.8770439e-01 -9.9711410e-01 -7.7620895e-01
9.0308125e-01 -9.5878119e-01 -5.3335735e-01 -3.2798484e-01
-1.3547643e-01 -9.8772874e-01 -9.9682233e-01 -7.7172212e-01
9.6490152e-01 -8.9653688e-01 -4.5056071e-01 -2.5851559e-01
5.0303862e-01 -9.7969272e-01 -9.6985994e-01 -5.9473437e-01
5.2227845e-01 -9.7355874e-01 -9.8284529e-01 -5.9205143e-01
8.5259436e-01 -9.5900266e-01 -8.2457533e-01 -4.4497874e-01
4.5078298e-01 -9.8276285e-01 -9.6726632e-01 -6.0843695e-01
9.4728824e-01 -9.3328315e-01 -3.9944925e-01 -2.5898796e-01
-4.0640113e-01 -9.9000448e-01 -9.9882618e-01 -8.4301385e-01
7.9176809e-01 -9.6757280e-01 -8.7410683e-01 -4.8160928e-01
1.1072111e-01 -9.8528606e-01 -9.9286588e-01 -7.0603054e-01
7.5741865e-01 -9.7410187e-01 -8.5469408e-01 -4.8603821e-01
1.6317175e-01 -9.8428303e-01 -9.9208878e-01 -6.9187265e-01
-9.6717448e-02 -9.8768085e-01 -9.9613896e-01 -7.6148859e-01
9.5176827e-01 -9.2730709e-01 -3.9815685e-01 -2.5506812e-01
-2.5392602e-01 -9.8697811e-01 -9.9857507e-01 -8.0253043e-01
7.9244398e-01 -9.6064444e-01 -9.2261937e-01 -4.9607333e-01
4.1776904e-01 -9.7935009e-01 -9.8353518e-01 -6.2141869e-01
-3.7702625e-01 -9.9014028e-01 -9.9854064e-01 -8.3540734e-01
9.4410385e-01 -9.4423769e-01 -2.5152547e-01 -2.1124837e-01
5.5983075e-02 -9.8668129e-01 -9.9302659e-01 -7.2070828e-01
-8.1822766e-02 -9.8655092e-01 -9.9669308e-01 -7.5741847e-01
7.7750131e-01 -9.6871004e-01 -8.8520561e-01 -4.8967898e-01
7.0191709e-01 -9.7349021e-01 -9.2403520e-01 -5.2482472e-01
3.4748733e-01 -9.7856341e-01 -9.9028496e-01 -6.4160452e-01
7.4318446e-01 -9.7092134e-01 -9.0762792e-01 -5.0736203e-01
6.1914459e-01 -9.7714764e-01 -9.4708085e-01 -5.5575402e-01
8.5040352e-01 -9.5450807e-01 -8.6984939e-01 -4.5996382e-01
-3.0256987e-01 -9.8887816e-01 -9.9835446e-01 -8.1569911e-01
6.1792930e-01 -9.7635782e-01 -9.5205505e-01 -5.5753691e-01
6.3462048e-02 -9.8470536e-01 -9.9497889e-01 -7.1871841e-01
7.4961912e-01 -9.7352513e-01 -8.7406197e-01 -4.9473353e-01
8.7422537e-01 -9.6760305e-01 -5.5871840e-01 -3.4786263e-01
4.9782110e-02 -9.8544161e-01 -9.9467053e-01 -7.2241180e-01
9.7502082e-01 -8.7211437e-01 -3.1990017e-01 -1.9986208e-01
5.8939212e-01 -9.7824706e-01 -9.5261271e-01 -5.6580647e-01
7.8713797e-03 -9.8669233e-01 -9.9456337e-01 -7.3363822e-01
1.9488098e-01 -9.8291434e-01 -9.9248392e-01 -6.8332793e-01
9.6590651e-01 -8.9612672e-01 -4.2376509e-01 -2.4853684e-01
9.0075206e-02 -9.8593001e-01 -9.9279301e-01 -7.1156443e-01
6.9886398e-01 -9.6189960e-01 -9.7155598e-01 -5.3809506e-01
9.2417412e-01 -9.4103338e-01 -6.3235344e-01 -3.5103612e-01
6.6466249e-01 -9.7167664e-01 -9.5516657e-01 -5.4481817e-01
3.3225261e-01 -9.8333862e-01 -9.8266053e-01 -6.4464579e-01
6.1693445e-01 -9.7678796e-01 -9.5011046e-01 -5.5726491e-01
7.0631340e-01 -9.7614141e-01 -8.9608065e-01 -5.1474131e-01
8.8038877e-01 -9.5954932e-01 -6.9634034e-01 -3.9227906e-01
5.2681825e-02 -9.8440641e-01 -9.9549263e-01 -7.2155971e-01
3.5991872e-02 -9.8480145e-01 -9.9557741e-01 -7.2603608e-01
6.6883166e-02 -9.8687046e-01 -9.9233178e-01 -7.1772917e-01
7.9896628e-01 -9.6755525e-01 -8.6165008e-01 -4.7530554e-01
1.7600535e-01 -9.8140561e-01 -9.9458093e-01 -6.8835000e-01
4.5319160e-01 -9.8061703e-01 -9.7558693e-01 -6.0995843e-01
9.8247943e-01 -7.9050981e-01 -5.1891750e-01 -2.3747134e-01
8.9408373e-01 -9.4756877e-01 -7.7908413e-01 -4.1365950e-01
6.1057127e-01 -9.7793682e-01 -9.4593766e-01 -5.5785620e-01
1.3571298e-01 -9.8363904e-01 -9.9385800e-01 -6.9931956e-01
6.9070674e-01 -9.6617158e-01 -9.6405118e-01 -5.3916407e-01
4.4315970e-01 -9.7979231e-01 -9.7950704e-01 -6.1361987e-01
2.6283820e-01 -9.8375300e-01 -9.8752040e-01 -6.6439757e-01
-3.5770597e-01 -9.9016158e-01 -9.9835050e-01 -8.3037734e-01
9.6536621e-01 -8.9315337e-01 -4.7197417e-01 -2.6473169e-01
8.0781175e-01 -9.6769005e-01 -8.4225150e-01 -4.6615965e-01
2.3259482e-01 -9.8398462e-01 -9.8903582e-01 -6.7280818e-01
5.9839152e-01 -9.7210242e-01 -9.7355265e-01 -5.6859244e-01
9.6287631e-01 -9.1943496e-01 -2.1007220e-01 -1.8205531e-01
7.6192259e-01 -9.6569899e-01 -9.2504454e-01 -5.0674123e-01
9.4983649e-01 -9.1619696e-01 -5.8492963e-01 -3.1792698e-01
7.5301198e-01 -9.7482007e-01 -8.5173704e-01 -4.8639381e-01
-1.1107959e-01 -9.8715474e-01 -9.9679738e-01 -7.6521535e-01
5.8590899e-01 -9.6461467e-01 -9.8729068e-01 -5.7381662e-01
9.5334337e-01 -7.9457869e-01 -9.5135390e-01 -4.0085048e-01
-4.3376436e-01 -9.9054352e-01 -9.9885673e-01 -8.5027227e-01
9.6126221e-01 -9.2989602e-01 -7.8592322e-02 -1.3958926e-01
-4.3339500e-01 -9.9085354e-01 -9.9874788e-01 -8.5025804e-01
9.3186282e-01 -9.5440031e-01 -2.4596608e-01 -2.1633534e-01
9.2439215e-01 -9.2540339e-01 -7.8688657e-01 -4.0009314e-01
9.4525231e-01 -9.5147597e-01 -4.0225021e-02 -1.3834429e-01
9.7964309e-01 -7.9711648e-01 -6.2038946e-01 -2.7696039e-01
1.4710986e-01 -9.8315476e-01 -9.9396131e-01 -6.9623757e-01
-4.0136557e-01 -9.9039599e-01 -9.9865297e-01 -8.4180767e-01
1.8104608e-01 -9.8507319e-01 -9.9001458e-01 -6.8683902e-01
-1.8936439e-01 -9.8823147e-01 -9.9734027e-01 -7.8596424e-01
8.8787826e-01 -9.5480173e-01 -7.2611498e-01 -3.9914522e-01
3.0664694e-01 -9.8010441e-01 -9.9066191e-01 -6.5284035e-01
7.3190160e-01 -9.7214103e-01 -9.0888736e-01 -5.1118477e-01
-1.2611209e-01 -9.8710159e-01 -9.9707478e-01 -7.6916111e-01
7.0603427e-01 -9.7517598e-01 -9.0632504e-01 -5.1809624e-01
1.7196884e-01 -9.8523843e-01 -9.9020475e-01 -6.8930587e-01
8.9097338e-01 -9.5344999e-01 -7.2666420e-01 -3.9802332e-01
6.7474039e-01 -9.7475696e-01 -9.3356506e-01 -5.3570576e-01
1.3266493e-01 -9.8319399e-01 -9.9437308e-01 -7.0011577e-01
2.1354216e-01 -9.8312546e-01 -9.9140198e-01 -6.7822251e-01
9.2546228e-01 -9.4394364e-01 -5.7375379e-01 -3.3091669e-01
5.4258169e-01 -9.7689198e-01 -9.7161577e-01 -5.8410724e-01
7.5233193e-01 -9.7041581e-01 -9.0198672e-01 -5.0280062e-01
1.8622836e-01 -9.8551286e-01 -9.8888487e-01 -6.8527235e-01
9.2388207e-01 -9.4546353e-01 -5.6775272e-01 -3.2976827e-01
8.1284443e-01 -9.6964411e-01 -8.0288859e-01 -4.5157247e-01
5.2010054e-01 -9.8103519e-01 -9.5938361e-01 -5.8712460e-01
6.4855496e-02 -9.8590073e-01 -9.9372059e-01 -7.1837219e-01
7.6355214e-01 -9.5970368e-01 -9.4981523e-01 -5.1284780e-01
9.4892213e-01 -9.2071134e-01 -5.4957763e-01 -3.0728904e-01
-6.0501143e-03 -9.8377231e-01 -9.9701757e-01 -7.3696864e-01
-1.5463262e-01 -9.8816228e-01 -9.9684315e-01 -7.7682500e-01
6.7410086e-01 -9.7233171e-01 -9.4798590e-01 -5.4008043e-01
5.4100113e-01 -9.7149535e-01 -9.8391773e-01 -5.8682125e-01
8.6384427e-01 -9.5296832e-01 -8.4687362e-01 -4.4771303e-01
7.1065264e-01 -9.7287837e-01 -9.2181468e-01 -5.2154891e-01
2.1971558e-02 -9.8656908e-01 -9.9428997e-01 -7.2986566e-01
6.6020114e-01 -9.7581619e-01 -9.3498255e-01 -5.4036072e-01
6.1614648e-01 -9.7716299e-01 -9.4828076e-01 -5.5695943e-01
3.2815511e-01 -9.8285291e-01 -9.8430914e-01 -6.4610079e-01
1.0123259e-01 -9.8374257e-01 -9.9479489e-01 -7.0856431e-01
-2.6122372e-02 -9.8638853e-01 -9.9571216e-01 -7.4267621e-01
7.8697084e-01 -9.7007004e-01 -8.5536312e-01 -4.7711846e-01
